1239301,0.0022603359720256185
14936610,0.004853301148089063
18652836,0.008944062532666552
18848018,0.007105242451118588
20728561,0.0073538696109813236
24182811,0.004694835738357628
35369214,0.010653756846315931
40302738,0.0037010192366529145
44312605,9.169317596593238E-4
46948334,0.005492405136531065
50042330,0.008239631460376163
50570449,0.005302745250739949
77000938,0.004763295522636813
90084099,0.006989860705446094
100322679,0.00847706769347727
110260678,0.0014880272545474645
131482972,0.00655677051488286
145910123,0.005081437619876428
165009253,0.003879364313454548
167063179,0.004694835738357628
180463340,0.015456276161533
180717062,0.006909861712231336
184426481,0.00823895868572666
186353014,0.0034201119824706755
195066320,0.006695474145383318
232414166,0.004715860959843244
243298366,0.005010517656248826
249950079,0.006793437718326945
269930499,0.008396260467427542
270231980,0.007253448541243901
270673659,0.00932496153497826
271136534,0.005484339000142913
271515500,0.006799318232126584
271658840,0.008837964469214542
271753649,0.006528853543088676
272177272,0.004371033627123811
273022647,0.00654833675487001
273069036,0.005327037569416038
273452154,0.0065089281875521324
275268943,0.0042918609071171294
284681556,0.00754027276104583
284745621,0.007394813766106867
286481552,0.006275293380961134
287906361,0.008534261425550117
288404606,0.0052657590866806775
290176149,0.007975317756220224
290929161,0.00786147829855739
291245327,0.007652374503115912
292030309,0.008774101959691083
292608038,0.007208929716646285
292915903,0.007865808489052628
293802222,0.007429693016977158
294212020,0.0023479042445820005
294290268,0.006812172931834116
294361452,0.007303382624170385
294854135,0.007620393028148587
295062437,0.007538410236313698
295355360,0.006052206663637239
295378422,0.004048912023492935
296171243,0.007315069328772129
297042642,0.006864887297863365
297229855,0.005695183684631533
297291313,0.004220498353672643
297294984,0.004218626332542531
297358566,0.007974490464105234
298357905,0.003804690184208571
298376225,0.005224068033360286
299105597,0.006325481964879632
299243917,0.0054418938343338006
299980984,0.0036716540030943498
300007014,0.0065691905989956785
300012435,0.005349716956127426
300021044,0.004911061294999431
300385517,0.005807620252810498
300461530,0.005444656941356275
300465643,0.006243825127396608
300648022,0.004276910069277197
300933249,0.003664806110621189
301282103,0.009495654392023913
301529877,0.004763691073433197
301721565,0.005051800294106701
301726492,0.006076061675660217
301869137,0.0047499222364172375
302374422,0.0037479642092626228
303643912,0.0043469131001734555
304411861,0.00514041257285729
304538673,0.0036169490168709083
307121607,0.005890617177076397
307721313,0.006529932978330667
308038887,0.0014093383228305674
309012614,0.0047280486226304996
311704980,0.0033438570748080885
311840368,0.0046950186553408775
312217057,0.004367222772245927
314912550,0.005116849836369997
316145848,0.00319139770078667
319625617,0.004021148905096684
320140485,0.0064164071290838684
320167393,0.003499148761895899
320995385,0.005434642355769515
321096972,0.003964791595874463
321405950,0.003576553319701393
321579851,0.003039043721012181
325116715,0.0035355044158427835
325954622,0.0034025973197208577
330314403,0.009708836775209905
332577132,0.00317796977239826
338614678,0.0057404722539763815
339799759,0.0029279050052287265
341698468,0.0034179165287446587
343051634,0.005792025302682791
344427455,0.0037518198102339147
345056098,0.0026214458121762937
348152252,0.0028553625521658753
349741737,0.0028732529426384055
349872060,0.004024689626724044
349883172,0.0031319391094917002
349932090,0.004252851239537026
351641666,0.0033277962677607637
353541134,0.004795360355476564
354105472,0.0028594162949707744
354139446,0.004356616023935689
354607164,0.0034672071611317142
355743081,0.0037158244883108045
356003327,0.002871079907956787
357227113,0.00482251448372384
357740963,0.0037105080685910573
357984457,0.0037074378098373335
360094552,0.0035241571572192107
360268721,0.004076532196515959
363013461,0.0030578258274295287
363319244,0.0027801456292513966
366472553,0.0021384000666535346
367061959,0.002813638676591413
367310802,0.0038067737746337433
367946968,0.0040014390955298365
368829926,0.0041808032044832865
370352650,0.003522853771185087
372499406,0.0031393803799551596
373206070,0.0015951392757165513
374833275,0.0043751918612293
378428747,0.004451464353153401
379644023,0.0029394960423565273
380247256,0.0019377833127896657
380608882,0.0028822780582891346
380847759,0.003231965235293078
381754880,0.0031020337532231997
384347036,0.0026310486217630885
384969872,0.001935324634744152
387695947,0.004534246058458425
388622544,0.0038364235785343544
392468646,0.0029547298309558164
394239302,0.003528417280469998
394508134,0.003102215464216474
395026311,0.003694058966787029
395029889,0.003179797061350232
395472453,0.0027569528201388813
395873820,0.0029616951729372295
396944066,0.002406102067673178
397067160,0.0034116880149418056
397322647,0.0024827494632268417
397464131,0.003989286275802929
397633666,0.0028860887995256555
398120967,0.002938212437650268
398462787,0.001679513803876521
399493455,0.0016292402734257258
399505497,0.0012460401997236978
399527237,0.00295508605101762
399644859,0.0032536770160482183
399651919,0.0025031079809855646
403996946,0.002604314317952717
407030795,0.0015005313134429663
411000199,0.0014698742899077254
411786274,0.0023407647537829097
412443067,0.0013472812807981747
426907745,0.0035366415638896204
434460832,0.002133895852578039
435923452,0.002231075191114119
442334304,0.001800724885308714
446783544,0.003448472542888826
453290398,0.001566147532614682
455060666,0.0029003774043053774
456042335,0.0010281190335468047
456760820,7.423481764113014E-4
458845777,0.0027845228757746874
463999696,0.0022276749487651023
464435768,0.0032678659333874155
465472520,0.0010937175625463488
466121896,0.003284881493320913
466311355,0.0022573259640671813
467753757,0.002299749880487557
478817325,0.0021092556343979005
488806995,0.002300394160531628
497334912,0.0018248284116657806
506982155,0.002812193640077144
510896241,0.0018654013321543381
512620911,0.0024303039216397654
512638904,0.002508519028399437
512896378,0.0029006139893886346
519281688,0.002296541215057491
521112781,8.651571118412313E-4
523832656,0.001991475612223926
524620711,0.0014542561221537972
532562821,0.0023167614784347598
533836053,0.0016880739786961703
536893070,0.00222305704694239
540748208,0.0014985949689821929
543844138,8.896357227263571E-4
545106865,0.0023004792701818
554003471,0.0016755405369372374
554402185,0.0018762697369971058
555800132,0.002540516107021663
563853564,0.0018027769360037702
