1239301,0.002289278636747017
14936610,0.004864505999396474
18652836,0.00887022759772893
18848018,0.007421220560920606
20728561,0.0070660798910671795
24182811,0.004694835738357628
35369214,0.010214638655563737
40302738,0.0036428410371832204
44312605,9.203109404757335E-4
46948334,0.005731118894912047
50042330,0.008354383182970682
50570449,0.005529611640370181
77000938,0.004916718366687323
90084099,0.006819826501371185
100322679,0.00843972179884307
110260678,0.0015310898694429263
131482972,0.006370771698468647
145910123,0.005299398257486732
165009253,0.0038973103750527434
167063179,0.004694835738357628
180463340,0.01558639827041819
180717062,0.0069084974577185996
184426481,0.008130626435397548
186353014,0.0035543734215685028
195066320,0.0066649364970749365
232414166,0.004661236583999685
243298366,0.00506844087851508
249950079,0.007103032798406761
269930499,0.008790242025791064
270231980,0.0075876877172254675
270673659,0.009738908079564259
271136534,0.005727323743415159
271515500,0.007114968516746135
271658840,0.009252060151468445
271753649,0.006826845113321301
272177272,0.004557263594708761
273022647,0.006847098932596541
273069036,0.005563104030600275
273452154,0.006753888149908139
275268943,0.00447331954776249
284681556,0.007871606513911078
284745621,0.007733432655479678
286481552,0.0065563971256984
287906361,0.008897770527094086
288404606,0.005495074472421525
290176149,0.008316703517468826
290929161,0.008214991007955664
291245327,0.007987761459955924
292030309,0.009183431798394426
292608038,0.007538008138383279
292915903,0.008215649844917183
293802222,0.007769758550077799
294212020,0.0024346251367865397
294290268,0.007073932969999564
294361452,0.007627567749316345
294854135,0.00794621977004002
295062437,0.007878777184962505
295355360,0.006321642710483988
295378422,0.004227260398986377
296171243,0.007650610624498345
297042642,0.007177758578038752
297229855,0.005957735133617948
297291313,0.004406056287209626
297294984,0.004404663170882972
297358566,0.008323355781360564
298357905,0.003959033782277889
298376225,0.005449591608814931
299105597,0.006620230414703233
299243917,0.0056808575619675455
299980984,0.0038165292123017343
300007014,0.00685780310479689
300012435,0.005581078156976705
300021044,0.005120988303062891
300385517,0.0060640828702367205
300461530,0.005666814320486569
300465643,0.006525451071977418
300648022,0.004455713599302303
300933249,0.0038223058517110396
301282103,0.009954011339616532
301529877,0.004978104209587887
301721565,0.005281390466209391
301726492,0.006349200052975479
301869137,0.004944374887165882
302374422,0.00390872980599173
303643912,0.004539653203412431
304411861,0.005373738859382261
304538673,0.0037713598921732547
307121607,0.006162800730383001
307721313,0.0067962690325862555
308038887,0.0014465483085791993
309012614,0.004938895236703079
311704980,0.003483370992964897
311840368,0.004906797934129404
312217057,0.00455919211492304
314912550,0.005347123772319296
316145848,0.0033232020242144563
319625617,0.004196329483531859
320140485,0.006702660382982262
320167393,0.0036456685649432392
320995385,0.005683262516251975
321096972,0.004135888832954638
321405950,0.0037290493519526852
321579851,0.0031625630239637166
325116715,0.003683611028029677
325954622,0.0035454830111325782
330314403,0.009352600157328684
332577132,0.003308009742543195
338614678,0.005999394620923826
339799759,0.0030447727879823424
341698468,0.0035614807820116175
343051634,0.006046667366920278
344427455,0.003911419860944566
345056098,0.0027222458441633853
348152252,0.0028088840665282397
349741737,0.0029878707748344233
349872060,0.004199720809285768
349883172,0.003259484298425864
349932090,0.00443617918010435
351641666,0.0034656885112986265
353541134,0.004658516643687594
354105472,0.002971764563810698
354139446,0.004546243644856563
354607164,0.0036127026550480286
355743081,0.003872386130772188
356003327,0.0029859755770508265
357227113,0.005037769099383272
357740963,0.003858071928082186
357984457,0.0038633702285756364
360094552,0.00367161978003654
360268721,0.004236570463783696
363013461,0.0031794153686155687
363319244,0.0028888108943852194
366472553,0.0022019696767734192
367061959,0.0029254826669080423
367310802,0.003961921981383544
367946968,0.004172371552633681
368829926,0.004358009488917137
370352650,0.0036694728519455883
372499406,0.003268265930112225
373206070,0.001641926766135416
374833275,0.004558652885882598
378428747,0.004649086852689411
379644023,0.003055776225048735
380247256,0.00200255199776851
380608882,0.0029916881753002007
380847759,0.003366127948650078
381754880,0.003224023828418044
384347036,0.002729753737842234
384969872,0.001998750057939592
387695947,0.004713099848888792
388622544,0.004001225515478414
392468646,0.0030731135925839543
394239302,0.0036764141877688736
394508134,0.0032281339512542535
395026311,0.003851579762451852
395029889,0.00330806807612365
395472453,0.0028648368511517536
395873820,0.0030788444476661744
396944066,0.002494483946677551
397067160,0.003554052585716395
397322647,0.002576894040087186
397464131,0.004159786121110788
397633666,0.0029993392632809766
398120967,0.0030556722625283647
398462787,0.0017317577433664474
399493455,0.001678495688586313
399505497,0.0012739070533575934
399527237,0.0030717234417557255
399644859,0.0033851942914430175
399651919,0.00259701162578725
403996946,0.002703258820722599
407030795,0.001542887246043879
411000199,0.0015097728153910203
411786274,0.0024265761007177707
412443067,0.001380968927762783
426907745,0.003685717297250935
434460832,0.0022097406942726003
435923452,0.002312120951157826
442334304,0.0018583484755004384
446783544,0.0035883491810841726
453290398,0.0016117724139099072
455060666,0.0030159567769465277
456042335,0.001044987837642598
456760820,7.443075483229541E-4
458845777,0.002893603400364132
463999696,0.0023067910166196587
464435768,0.0034025741778555448
465472520,0.001114195105330996
466121896,0.003419718035022502
466311355,0.0023394252723142337
467753757,0.0023828270958552228
478817325,0.0021829884227577484
488806995,0.0023858815414519404
497334912,0.0018833734307668556
506982155,0.002923426927893647
510896241,0.001926201240960413
512620911,0.0025211718461582997
512638904,0.0026032843963298864
512896378,0.003005013649428779
519281688,0.002380716670606976
521112781,8.734848699737405E-4
523832656,0.0020599496619729827
524620711,0.0014941004352954541
532562821,0.0023925604128840266
533836053,0.0017409734162561427
536893070,0.002303332003905357
540748208,0.0015400235787842893
543844138,8.992130457250233E-4
545106865,0.0022921254162816106
554003471,0.0017266991959991494
554402185,0.001938986659636189
555800132,0.0026385499513003514
563853564,0.0018618082249509235
