1239301,0.002286572404520971
14936610,0.004903012926863571
18652836,0.009012934060476742
18848018,0.007261269256353021
20728561,0.00735294931462025
24182811,0.004694835738357628
35369214,0.010647882435907863
40302738,0.0037174313524451783
44312605,9.198894995484216E-4
46948334,0.005610357173848147
50042330,0.0083546995195525
50570449,0.005415632525976011
77000938,0.004849295041888158
90084099,0.007017277399356803
100322679,0.00855304452072463
110260678,0.0015091828110803682
131482972,0.006567648552957084
145910123,0.005189031629627184
165009253,0.00392110469331104
167063179,0.004694835738357628
180463340,0.015656122105358494
180717062,0.006970761040222474
184426481,0.008289740085613208
186353014,0.003487569344017661
195066320,0.006753725188193616
232414166,0.0047463714896116786
243298366,0.0050760792726783025
249950079,0.006947012667089926
269930499,0.008590123946462459
270231980,0.0074183237660441
270673659,0.009533558898122043
271136534,0.0056053932410327755
271515500,0.0069558580438502165
271658840,0.00904203865563662
271753649,0.0066764612318116045
272177272,0.004463854715024841
273022647,0.006696497159621262
273069036,0.005444683526477579
273452154,0.006641980051947516
275268943,0.004382418783982335
284681556,0.0077061995317967875
284745621,0.007560998001802122
286481552,0.006414105724500164
287906361,0.008720106932808027
288404606,0.005378920912492081
290176149,0.008148052935641803
290929161,0.008036218051322553
291245327,0.007820912440067818
292030309,0.008975200829693254
292608038,0.007370392608274901
292915903,0.008037750702235403
293802222,0.007596643371719015
294212020,0.0023898485697123172
294290268,0.0069514760437164435
294361452,0.007464010411033574
294854135,0.0077840362182292075
295062437,0.007705147461704232
295355360,0.006185019885808774
295378422,0.00413552893075806
296171243,0.007479850460069915
297042642,0.0070189082464571905
297229855,0.005822727698498543
297291313,0.0043107432374859265
297294984,0.004309217940019639
297358566,0.008149447980006275
298357905,0.0038820531021179112
298376225,0.005335980557149501
299105597,0.006468562415168467
299243917,0.005560220708023312
299980984,0.0037440855174486706
300007014,0.006712781538656177
300012435,0.005464319967788956
300021044,0.005015221470941956
300385517,0.005934613869860673
300461530,0.005558018432723234
300465643,0.006380962477644548
300648022,0.004365943749528501
300933249,0.003741278402615112
301282103,0.00971694582319518
301529877,0.0048674303959819875
301721565,0.00516278716029095
301726492,0.006208220305027257
301869137,0.004847687783487832
302374422,0.003826007559857803
303643912,0.004440466246408082
304411861,0.005253110257192507
304538673,0.003691753804307641
307121607,0.006022483322951789
307721313,0.006663335052164743
308038887,0.001427334030242978
309012614,0.004830037749136441
311704980,0.0034112023248985997
311840368,0.004797629862398512
312217057,0.004460174236166981
314912550,0.005228021350442336
316145848,0.003255367890526518
319625617,0.004106231599846556
320140485,0.006557040831351091
320167393,0.0035699219573166693
320995385,0.005555225387772712
321096972,0.004047659041655183
321405950,0.0036504003300001707
321579851,0.003098812986147582
325116715,0.0036071890598327948
325954622,0.003471965337369088
330314403,0.009708467169432456
332577132,0.003240917515333908
338614678,0.005865538981991026
339799759,0.002984510238159178
341698468,0.0034873108733086476
343051634,0.005917512268727055
344427455,0.0038288035076880396
345056098,0.002669952815470001
348152252,0.002864437851687885
349741737,0.002928638415662622
349872060,0.004109268696968261
349883172,0.003193612047582551
349932090,0.004341393135630402
351641666,0.0033944015339989484
353541134,0.004801623565456371
354105472,0.0029137519753681183
354139446,0.0044482472117784114
354607164,0.003537569744796688
355743081,0.003791463963054898
356003327,0.002926474984062711
357227113,0.0049267970537335126
357740963,0.0037830068439439267
357984457,0.003782571488520748
360094552,0.003595368900071239
360268721,0.004157606058445285
363013461,0.0031163432502330896
363319244,0.0028327213899251866
366472553,0.002172044458004652
367061959,0.0028676592124816445
367310802,0.0038814150251915043
367946968,0.004083712803069407
368829926,0.00426623791224532
370352650,0.003593980199523262
372499406,0.0032017441856374124
373206070,0.0016175698334541587
374833275,0.004463518503573628
378428747,0.004547303065303399
379644023,0.0029955158691996396
380247256,0.001969016164068794
380608882,0.0029348844750734632
380847759,0.003296698391498044
381754880,0.0031606416221825703
384347036,0.002678401965770295
384969872,0.001965878001894939
387695947,0.004625717302653843
388622544,0.00391617185648332
392468646,0.003012065671939613
394239302,0.003600330637366401
394508134,0.003163116850894344
395026311,0.0037703663960860787
395029889,0.003241739477127826
395472453,0.0028091372540734803
395873820,0.003018236986256429
396944066,0.002448665231097525
397067160,0.003480773453677589
397322647,0.0025281628471225622
397464131,0.0040717275200882206
397633666,0.002940795055903923
398120967,0.0029949809709001194
398462787,0.0017048945308238536
399493455,0.0016530006438393095
399505497,0.001259601032845726
399527237,0.00301134780408805
399644859,0.0033172513465365545
399651919,0.0025483273605209755
403996946,0.0026521565896223684
407030795,0.0015210137891904516
411000199,0.0014891802466741274
411786274,0.0023823935269979618
412443067,0.0013637233383838386
426907745,0.0036089994687904755
434460832,0.0021704755006090046
435923452,0.0022704135597655614
442334304,0.00182856678036163
446783544,0.003516831610770655
453290398,0.001588222712937327
455060666,0.0029564501308164243
456042335,0.0010363285064818547
456760820,7.433498562227534E-4
458845777,0.002837509198727762
463999696,0.002265929657344291
464435768,0.0033332249141244893
465472520,0.001103705435455172
466121896,0.003350495140487087
466311355,0.0022971014522886754
467753757,0.0023399850433839086
478817325,0.002144956008280619
488806995,0.002341911432242828
497334912,0.001853281142960018
506982155,0.0028662907354578557
510896241,0.0018948364837547479
512620911,0.002474522141640168
512638904,0.002554508301111614
512896378,0.0029534783295480658
519281688,0.0023374225589782643
521112781,8.692287009785425E-4
523832656,0.002024631797960442
524620711,0.0014737293358144006
532562821,0.002353497843316777
533836053,0.0017136517265248904
536893070,0.0022620945535641434
540748208,0.0015188083087400947
543844138,8.943693168680831E-4
545106865,0.0023165533856377213
554003471,0.0017005097352671646
554402185,0.0019067792122973834
555800132,0.002588246006710083
563853564,0.0018315925914271565
