1239301,0.00227247543927891
14936610,0.004881971819552322
18652836,0.008996137874758038
18848018,0.007158852256973236
20728561,0.007389128288716651
24182811,0.004694835738357628
35369214,0.010705794411544536
40302738,0.0037192731326036073
44312605,9.183765882176296E-4
46948334,0.005532859304887583
50042330,0.008294191726256518
50570449,0.005341569352024212
77000938,0.004795511680933973
90084099,0.007027027075330384
100322679,0.008527326729629327
110260678,0.0014952039462719177
131482972,0.006589706335328205
145910123,0.00511833107964097
165009253,0.003902128693855534
167063179,0.004694835738357628
180463340,0.015559053233957943
180717062,0.006948958773111858
184426481,0.008285196805966311
186353014,0.0034435502151814353
195066320,0.006734776757978156
232414166,0.004741452002938363
243298366,0.005041969764236032
249950079,0.006846123868829213
269930499,0.00846236738459314
270231980,0.007309827536639691
270673659,0.009397598597181544
271136534,0.0055259836344453426
271515500,0.006852942380758154
271658840,0.008907636213891724
271753649,0.006579437159846325
272177272,0.004403040439476659
273022647,0.006599144161621129
273069036,0.005367526418488101
273452154,0.006557253073217485
275268943,0.00432312308018712
284681556,0.007597780949593048
284745621,0.007451465864116958
286481552,0.0063228231574362645
287906361,0.008599241876956997
288404606,0.005304525761196178
290176149,0.008035763883228842
290929161,0.007921500569566465
291245327,0.007710945536812264
292030309,0.008842633423839775
292608038,0.007263997397396938
292915903,0.007924524580150805
293802222,0.007486644243792884
294212020,0.0023620546289953703
294290268,0.006862092816547861
294361452,0.007358621233900098
294854135,0.007677262538320551
295062437,0.007595237893995122
295355360,0.006097651549382622
295378422,0.004078144637580895
296171243,0.007371291407864678
297042642,0.006917504216810389
297229855,0.005738285177242264
297291313,0.004251023198387461
297294984,0.004249277220217241
297358566,0.008035242071466686
298357905,0.003831504986303603
298376225,0.005262575822027916
299105597,0.006373779255020541
299243917,0.0054825474657014045
299980984,0.0036967533347001653
300007014,0.006618804126694645
300012435,0.005389109270411186
300021044,0.004946915519187801
300385517,0.00585120342709391
300461530,0.005484600272459407
300465643,0.006290447704097946
300648022,0.004307631457888907
300933249,0.0036906469126938963
301282103,0.009569979909767913
301529877,0.00479867075698397
301721565,0.005089209792342931
301726492,0.00612059690481377
301869137,0.004783969647971876
302374422,0.0037743518435241047
303643912,0.004378469131254437
304411861,0.005178344453381701
304538673,0.0036421966094826847
307121607,0.005935088119233601
307721313,0.0065763518664175855
308038887,0.0014154031180828816
309012614,0.004762449260917978
311704980,0.003366520261054152
311840368,0.004729638987894336
312217057,0.004398589693275912
314912550,0.005154261717209497
316145848,0.0032129900475615933
319625617,0.004049898068726666
320140485,0.006464427519288197
320167393,0.0035230114876162906
320995385,0.005475326800180969
321096972,0.003992776014977184
321405950,0.003601450370454163
321579851,0.0030592208207713477
325116715,0.003559708428995268
325954622,0.0034260541888420765
330314403,0.009757017143849713
332577132,0.0031992282338910946
338614678,0.005782598445487142
339799759,0.002946985952869486
341698468,0.0034412939818799122
343051634,0.005834954232043433
344427455,0.0037777130891049958
345056098,0.0026377659225295565
348152252,0.002867989566377705
349741737,0.002891931055612563
349872060,0.0040531937161836454
349883172,0.003152725235734156
349932090,0.004282697717983442
351641666,0.003350262823526041
353541134,0.00481798161424425
354105472,0.0028777443832700873
354139446,0.004387509814998825
354607164,0.00349091358436684
355743081,0.0037413319524353347
356003327,0.0028897082259141233
357227113,0.004857692956168226
357740963,0.0037353966124760835
357984457,0.0037327272789048358
360094552,0.003548170220412917
360268721,0.004104926346074112
363013461,0.0030775018399004104
363319244,0.002797894391662826
366472553,0.002150586076616069
367061959,0.002831826662870785
367310802,0.0038319118594904787
367946968,0.004029091020104293
368829926,0.004209556454563912
370352650,0.0035469012684848484
372499406,0.003160406706931585
373206070,0.0016026593800438924
374833275,0.004404921058696832
378428747,0.004483789454864141
379644023,0.0029583480358929
380247256,0.001948307559789587
380608882,0.002899977139325106
380847759,0.0032537495455222006
381754880,0.003121733786540549
384347036,0.0026469378921979434
384969872,0.0019456048164306914
387695947,0.0045662267959164955
388622544,0.0038632949863972818
392468646,0.002974072625304448
394239302,0.0035527110641146785
394508134,0.0031227306640380765
395026311,0.0037197859520097473
395029889,0.0032006589593243325
395472453,0.002774554859181567
395873820,0.002980743250393548
396944066,0.0024204165293417964
397067160,0.0034349986485017643
397322647,0.002498034605353073
397464131,0.00401705679016462
397633666,0.002904527653365708
398120967,0.0029573373621792918
398462787,0.0016880901729769313
399493455,0.0016372288097705086
399505497,0.0012506259410406846
399527237,0.0029740350571705993
399644859,0.003275103495136623
399651919,0.002518318028589906
403996946,0.0026204355505092597
407030795,0.001507428803026901
411000199,0.0014763805702591845
411786274,0.0023548304359542593
412443067,0.0013528602623160031
426907745,0.0035610482220113544
434460832,0.00214620174876703
435923452,0.002244350881048863
442334304,0.0018100965205326567
446783544,0.0034715991462440205
453290398,0.0015735825875913497
455060666,0.002919300168580353
456042335,0.001030895300548341
456760820,7.426964292085678E-4
458845777,0.0028024050144927377
463999696,0.002240551101178912
464435768,0.003289912280499752
465472520,0.001097098425564159
466121896,0.0033070498989878024
466311355,0.002270733124689773
467753757,0.002313305860273008
478817325,0.0021212795175620477
488806995,0.002314390854664939
497334912,0.0018344387501861412
506982155,0.0028304569350189332
510896241,0.0018753150196721754
512620911,0.0024452407568537953
512638904,0.0025240191969919897
512896378,0.0029189905940461675
519281688,0.0023103360202844985
521112781,8.665365293586867E-4
523832656,0.00200265219234328
524620711,0.0014608484715359147
532562821,0.0023291441459355475
533836053,0.0016966781219003087
536893070,0.0022362399846520336
540748208,0.0015054458431882586
543844138,8.912556486598397E-4
545106865,0.0023111440096022628
554003471,0.0016839934072527603
554402185,0.001886572426631151
555800132,0.002556650660355931
563853564,0.0018125265068397632
