1239301,0.0022550068012811017
14936610,0.004730625927570632
18652836,0.008518136330733374
18848018,0.00762343455882959
20728561,0.006421726742357837
24182811,0.004694835738357628
35369214,0.00936459492433872
40302738,0.0034828555435729275
44312605,9.23469267420419E-4
46948334,0.0058728471969721205
50042330,0.008198882687995623
50570449,0.005646361369074416
77000938,0.004978337366103492
90084099,0.0063479744455640095
100322679,0.008135662740753592
110260678,0.0015481282102178147
131482972,0.005944810035018722
145910123,0.005431697898004618
165009253,0.0037763674246184885
167063179,0.004694835738357628
180463340,0.015259157075454399
180717062,0.006888628338422255
184426481,0.007799653017648357
186353014,0.003622566779470194
195066320,0.006417625672950212
232414166,0.00441798442327357
243298366,0.0049578091872013235
249950079,0.0072627748196487435
269930499,0.009005064124742179
270231980,0.007770030570393405
270673659,0.009960746042199875
271136534,0.005840257794827753
271515500,0.00725918998198043
271658840,0.009476030203879906
271753649,0.006976263735143707
272177272,0.004649393004840508
273022647,0.006994562714246545
273069036,0.005670073387793796
273452154,0.0068291756673011465
275268943,0.004566438455660805
284681556,0.008060214185045456
284745621,0.00794065205911696
286481552,0.006713453778340895
287906361,0.009068148042499648
288404606,0.005629982557932212
290176149,0.008511024029596715
290929161,0.008432092539280834
291245327,0.00817315131791705
292030309,0.009416492405328002
292608038,0.00773972980170814
292915903,0.008436085581363419
293802222,0.00797808147164918
294212020,0.0024904069560966807
294290268,0.0072019085937631965
294361452,0.007824606335564144
294854135,0.008128140851406474
295062437,0.008095704433728802
295355360,0.006477862065933127
295378422,0.0043298112663456186
296171243,0.007850963201619866
297042642,0.007356629679836747
297229855,0.006119273495480715
297291313,0.004513155692641281
297294984,0.004510892089658714
297358566,0.008526527803790065
298357905,0.004036284508331423
298376225,0.005579097213305918
299105597,0.0067996692857582594
299243917,0.005816893568155624
299980984,0.003897535977123457
300007014,0.007032881510369893
300012435,0.005713272257910408
300021044,0.005237390212662408
300385517,0.006209277779655653
300461530,0.005784988679736248
300465643,0.006717726849749429
300648022,0.0045544646945222984
300933249,0.0039152094648875705
301282103,0.010195688856240427
301529877,0.00511405078852707
301721565,0.00542898848691269
301726492,0.006532946310492239
301869137,0.005056486501346203
302374422,0.004006110790689977
303643912,0.0046543398365634266
304411861,0.005522088225754973
304538673,0.003865004474866996
307121607,0.0063312709618208235
307721313,0.0069751741216555595
308038887,0.0014718642042885542
309012614,0.005077517324500637
311704980,0.003573165921918676
311840368,0.0050357115784413825
312217057,0.004682417642582127
314912550,0.005501391914842802
316145848,0.0033997978142201964
319625617,0.004301353140565457
320140485,0.00688025582260028
320167393,0.003742456020902441
320995385,0.005832506824592688
321096972,0.0042493449466042285
321405950,0.0038217500642736334
321579851,0.003239516919550201
325116715,0.003781145603281889
325954622,0.0036326457664677355
330314403,0.008628372290352248
332577132,0.0033940459486280225
338614678,0.006170577501072817
339799759,0.003117673835206492
341698468,0.003652088985766145
343051634,0.006198806309405459
344427455,0.004018942584318697
345056098,0.0027931441687747203
348152252,0.002704216542972549
349741737,0.0030632137708585423
349872060,0.004313596845552215
349883172,0.0033428061341715283
349932090,0.004562755518438767
351641666,0.0035580363849681226
353541134,0.0043478837976386195
354105472,0.003046247118456936
354139446,0.004676606142331853
354607164,0.0037054615455622618
355743081,0.003978141212994647
356003327,0.0030624118385481187
357227113,0.005173601995213662
357740963,0.003964464294060722
357984457,0.003972168134826038
360094552,0.00377237355071205
360268721,0.0043236909058782975
363013461,0.003267090737720114
363319244,0.0029590319504882562
366472553,0.002232504715195805
367061959,0.002996992960308976
367310802,0.004080118063141104
367946968,0.004293852762677975
368829926,0.004485356963525679
370352650,0.0037664139456160548
372499406,0.0033495631135543
373206070,0.0016756235391972361
374833275,0.004698919000859437
378428747,0.0047679160590837774
379644023,0.003137473777062528
380247256,0.002046097505738121
380608882,0.0030752037185471045
380847759,0.003453516505508137
381754880,0.0033152472115239424
384347036,0.002803933046309371
384969872,0.0020417663937428504
387695947,0.004801540290302487
388622544,0.004106330830402417
392468646,0.003149912631327002
394239302,0.0037672089434841248
394508134,0.0033109494637051603
395026311,0.003951961189907283
395029889,0.0033952388969032974
395472453,0.0029377321405468456
395873820,0.0031608809663544297
396944066,0.0025563451274343016
397067160,0.0036397259527098276
397322647,0.002639808489968832
397464131,0.004272706884987688
397633666,0.003076759952748521
398120967,0.0031323169902157453
398462787,0.00176305084234858
399493455,0.00171012255688996
399505497,0.00129058340000714
399527237,0.003154679730344046
399644859,0.0034750869890763487
399651919,0.0026646065459522425
403996946,0.0027694988505777792
407030795,0.0015703405804038404
411000199,0.0015364874955799087
411786274,0.0024816280154687184
412443067,0.001401943473704282
426907745,0.003774565522528551
434460832,0.0022599549812389657
435923452,0.002360427236747032
442334304,0.0018953753989285678
446783544,0.003664079027769308
453290398,0.0016391461073203893
455060666,0.00308746850052788
456042335,0.0010560513306905116
456760820,7.449591168756662E-4
458845777,0.0029566356097552988
463999696,0.0023574551069237126
464435768,0.0034864802886864117
465472520,0.0011269317834581081
466121896,0.0035018910454914795
466311355,0.002389941302610655
467753757,0.0024357309113134168
478817325,0.0022288767432860684
488806995,0.0024322903069537776
497334912,0.0019178933948046826
506982155,0.00298846480375008
510896241,0.0019642180486903593
512620911,0.002574026186650858
512638904,0.00266212233493437
512896378,0.00306661532278898
519281688,0.002430004751861393
521112781,8.778712580556523E-4
523832656,0.0021030050679860645
524620711,0.0015159621121006558
532562821,0.002443306247662381
533836053,0.0017733680912192858
536893070,0.0023514528298824505
540748208,0.001566321020457085
543844138,9.042600766611351E-4
545106865,0.002207233359170036
554003471,0.0017563480845842925
554402185,0.0019750445082741272
555800132,0.002695259788399685
563853564,0.0018928690363486885
