1239301,0.002275851716442535
14936610,0.004888860380945093
18652836,0.009006800786639846
18848018,0.007177310966355922
20728561,0.00739210955623324
24182811,0.004694835738357628
35369214,0.010709722379645004
40302738,0.0037223425286106566
44312605,9.187664847764019E-4
46948334,0.005546805191281723
50042330,0.008309136377986338
50570449,0.005354926151742379
77000938,0.004805915617291734
90084099,0.007032657889678862
100322679,0.008538415862333327
110260678,0.001497697522265785
131482972,0.0065936461507340345
145910123,0.005131052975114048
165009253,0.003907797988561047
167063179,0.004694835738357628
180463340,0.015585596395314982
180717062,0.0069577639641216
184426481,0.008293752227175478
186353014,0.003451554431715099
195066320,0.0067433601218204195
232414166,0.004746402761859404
243298366,0.0050504843851036044
249950079,0.006864280884358354
269930499,0.008485253380579283
270231980,0.007329305420419164
270673659,0.009422360250821417
271136534,0.005540307647399946
271515500,0.00687144389428116
271658840,0.008931733919027952
271753649,0.006596885141400466
272177272,0.004414031218286742
273022647,0.0066166601161717475
273069036,0.00538144852832605
273452154,0.006573211267525526
275268943,0.004333848434519073
284681556,0.007617449152505774
284745621,0.007471083885477615
286481552,0.006339228523550023
287906361,0.008621317874415158
288404606,0.005317902659201113
290176149,0.008056296372772099
290929161,0.007942170614635447
291245327,0.007730941152087812
292030309,0.00886637034934441
292608038,0.0072830607236688
292915903,0.00794483025544881
293802222,0.007506356132919368
294212020,0.0023669923655438973
294290268,0.006878736688825061
294361452,0.00737762431942659
294854135,0.007696678083241327
295062437,0.007614920223998101
295355360,0.006113345687547312
295378422,0.004088341830149634
296171243,0.0073907480043749595
297042642,0.006935696399316417
297229855,0.00575330564786103
297291313,0.004261653492878882
297294984,0.0042599487394659585
297358566,0.00805599417178431
298357905,0.003840677460787024
298376225,0.005275818521179221
299105597,0.00639062452762349
299243917,0.005496543707588475
299980984,0.003705341422003162
300007014,0.006635815069851137
300012435,0.005402666878283103
300021044,0.004959242599827608
300385517,0.005866220973960058
300461530,0.005498099374356148
300465643,0.006306625867885064
300648022,0.004318175415094206
300933249,0.0036996526544249126
301282103,0.009596003791168674
301529877,0.004810881473506502
301721565,0.005102272429460332
301726492,0.006136150169434163
301869137,0.004795573997373626
302374422,0.003783544017389918
303643912,0.004389481514292616
304411861,0.00519160353776218
304538673,0.0036510036620461825
307121607,0.005950609944623043
307721313,0.006592184686471715
308038887,0.0014175208094207256
309012614,0.004774454728769828
311704980,0.0033744428939121783
311840368,0.004741718475700086
312217057,0.004409532581914878
314912550,0.00516734097225029
316145848,0.0032205215639556036
319625617,0.00405991795448475
320140485,0.006481037194018913
320167393,0.003531341319896942
320995385,0.005489522477248588
321096972,0.00400253384220608
321405950,0.0036101421009994148
321579851,0.0030662581108777294
325116715,0.003568148968836372
325954622,0.0034342247531390377
330314403,0.009761260444313424
332577132,0.0032066404307193215
338614678,0.005797315824540906
339799759,0.0029536481677246546
341698468,0.0034494599765571682
343051634,0.0058497825188829075
344427455,0.003786768988422896
345056098,0.0026434723570878623
348152252,0.002869921721569458
349741737,0.002898450657514818
349872060,0.004063147996087113
349883172,0.0031599836564715
349932090,0.004293119198403051
351641666,0.0033581033725318186
353541134,0.004820558490903327
354105472,0.0028841404840682437
354139446,0.004398295158055166
354607164,0.003499193803302237
355743081,0.0037502354409048484
356003327,0.002896223960917755
357227113,0.004869968922932944
357740963,0.003743971753167475
357984457,0.003741566816663667
360094552,0.003556552399616098
360268721,0.004114564031963287
363013461,0.0030843848359586763
363319244,0.00280408496316571
366472553,0.002154618751703797
367061959,0.0028381827101134466
367310802,0.0038406950558715243
367946968,0.004038767715130721
368829926,0.004219608289779476
370352650,0.0035552788324571655
372499406,0.003167746884512358
373206070,0.0016052956787666836
374833275,0.0044153132150063674
378428747,0.004495070497680477
379644023,0.0029649386350434135
380247256,0.0019519833638901537
380608882,0.0029061660147113207
380847759,0.003261365447199328
381754880,0.003128627037378951
384347036,0.002652504654563504
384969872,0.0019491992904227438
387695947,0.004577093456712223
388622544,0.003872680193646861
392468646,0.0029808221004919097
394239302,0.0035611792404529616
394508134,0.0031298970654211507
395026311,0.0037287675159609853
395029889,0.0032079480114339596
395472453,0.0027806975783937877
395873820,0.0029873969947152865
396944066,0.0024254229307848936
397067160,0.0034431317358871957
397322647,0.0025033771911899157
397464131,0.004026758221127726
397633666,0.0029109661586267386
398120967,0.0029640178817976768
398462787,0.0016910788565587928
399493455,0.0016400232508863473
399505497,0.001252223037429335
399527237,0.0029806554133506645
399644859,0.003282585803274319
399651919,0.002523636983980882
403996946,0.0026260660966022763
407030795,0.0015098386338400225
411000199,0.001478652411854032
411786274,0.002359732902707524
412443067,0.0013547983546891693
426907745,0.003569566020971738
434460832,0.002150504634412332
435923452,0.0022489820727264803
442334304,0.0018133720820719965
446783544,0.0034796521226531105
453290398,0.0015761804515682662
455060666,0.002925901543560517
456042335,0.0010318621589454188
456760820,7.428151604677033E-4
458845777,0.0028086431708038936
463999696,0.0022450517243419515
464435768,0.0032976057002747756
465472520,0.0010982749182608452
466121896,0.003314776253112118
466311355,0.0022754141469454544
467753757,0.0023180406696815545
478817325,0.0021254802226144736
488806995,0.002319277250055652
497334912,0.0018377894881928434
506982155,0.002836826119048542
510896241,0.0018787786166945216
512620911,0.0024504475227081777
512638904,0.0025294316591248705
512896378,0.002925261465927665
519281688,0.002315148418140357
521112781,8.67016255163012E-4
523832656,0.0020065543568967177
524620711,0.0014631424252661736
532562821,0.0023334676656054714
533836053,0.001699686789354505
536893070,0.002240836252869972
540748208,0.001507827950920305
543844138,8.918149033184228E-4
545106865,0.002313489490800325
554003471,0.0016869349675494368
554402185,0.0018901645999654056
555800132,0.0025622716868588533
563853564,0.001815920688316087
