1239301,0.002269399566487241
14936610,0.004875194025246433
18652836,0.008984662680697999
18848018,0.007143682087437387
20728561,0.007383254114095085
24182811,0.004694835738357628
35369214,0.01069730770393338
40302738,0.003715552873084139
44312605,9.180164363192808E-4
46948334,0.005521403780060186
50042330,0.008280479319521451
50570449,0.005330587706268975
77000938,0.0047867025225264434
90084099,0.007019714157761459
100322679,0.008515889461634774
110260678,0.0014931627031024028
131482972,0.006583720191495135
145910123,0.005107882622153315
165009253,0.003896657524749148
167063179,0.004694835738357628
180463340,0.015533911103623298
180717062,0.006939983569984666
184426481,0.008275415089312933
186353014,0.0034369476496727068
195066320,0.006725874295373192
232414166,0.004735945698550981
243298366,0.005034102718238987
249950079,0.006831206460876761
269930499,0.00844360388289036
270231980,0.007293843336240147
270673659,0.009377154693786482
271136534,0.00551420550420747
271515500,0.006837750123825149
271658840,0.008887870628834695
271753649,0.006565108534753139
272177272,0.004393996571454895
273022647,0.006584756170898377
273069036,0.005356077109147496
273452154,0.006543881698028177
275268943,0.004314293855961783
284681556,0.007581565426401116
284745621,0.007435383989352463
286481552,0.0063093550092822035
287906361,0.008580986064564543
288404606,0.00529354271309106
290176149,0.008018784543194248
290929161,0.007904513976584471
291245327,0.007694447614060241
292030309,0.008823176702092074
292608038,0.007248368135308315
292915903,0.007907868600043489
293802222,0.00747048179498282
294212020,0.0023580207030795782
294290268,0.006848208161202397
294361452,0.007342996146392156
294854135,0.0076612436796245085
295062437,0.007579104656426839
295355360,0.006084770571462773
295378422,0.0040698125595304505
296171243,0.007355337218061809
297042642,0.006902580703147155
297229855,0.005726006626875947
297291313,0.004242330679310303
297294984,0.004240549979451802
297358566,0.008018124375005332
298357905,0.0038239440306120152
298376225,0.005251685924279204
299105597,0.006360014240065116
299243917,0.005471043685040545
299980984,0.0036896752720827273
300007014,0.006604796675285374
300012435,0.005377964509873468
300021044,0.004936777556188222
300385517,0.005838865082816969
300461530,0.005473411140767471
300465643,0.0062771979452668665
300648022,0.004298953226700665
300933249,0.0036832853187411595
301282103,0.009548752473140243
301529877,0.004788696742136867
301721565,0.005078541331361098
301726492,0.006107895124635011
301869137,0.004774387575228079
302374422,0.003766836314227962
303643912,0.004369472671780873
304411861,0.005167520721190645
304538673,0.003635000400820477
307121607,0.005922408707076588
307721313,0.0065632832248616385
308038887,0.001413673512772707
309012614,0.004752641698971761
311704980,0.0033600530400895285
311840368,0.004719769971482069
312217057,0.004389648766548394
314912550,0.005143585513153571
316145848,0.0032068358923175175
319625617,0.004041707679036822
320140485,0.0064508047972345
320167393,0.0035162073323795405
320995385,0.005463729026516862
321096972,0.003984801567069131
321405950,0.0035943509672256685
321579851,0.003053470323513952
325116715,0.0035528108249969002
325954622,0.003419373663812198
330314403,0.009748918901070769
332577132,0.0031931705416105025
338614678,0.005770581370754858
339799759,0.002941544618872772
341698468,0.0034346257239326722
343051634,0.005822785055690961
344427455,0.0037703223573521748
345056098,0.002633108244683658
348152252,0.0028655007633210834
349741737,0.0028866055105686746
349872060,0.004045064331032822
349883172,0.0031467972816904286
349932090,0.004274186250470425
351641666,0.0033438577040874723
353541134,0.00481392312169422
354105472,0.0028725191796843638
354139446,0.0043787004385854155
354607164,0.0034841518073085672
355743081,0.003734059109294808
356003327,0.0028843907950181664
357227113,0.004847664062592716
357740963,0.0037283511510145537
357984457,0.0037255111165200422
360094552,0.0035413233391159656
360268721,0.0040969531690939545
363013461,0.00307188500498572
363319244,0.0027928359045950265
366472553,0.0021472098280560523
367061959,0.0028266374248437707
367310802,0.0038247404942217465
367946968,0.004021195776360887
368829926,0.004201351385811481
370352650,0.003540052003038486
372499406,0.0031544111092194137
373206070,0.001600510102591702
374833275,0.00439643785927959
378428747,0.004474573518357406
379644023,0.0029529682831457966
380247256,0.0019453058453314362
380608882,0.0028949258371745007
380847759,0.003247532932366571
381754880,0.0031161092874049563
384347036,0.0026423982405708877
384969872,0.0019426709420008912
387695947,0.004557241513496169
388622544,0.0038556307160183996
392468646,0.002968558488939866
394239302,0.0035457893124862814
394508134,0.0031168787082356494
395026311,0.0037124498546950552
395029889,0.0031947075147604983
395472453,0.0027695366073408286
395873820,0.0029753099400955173
396944066,0.002416330645357934
397067160,0.003428353748106506
397322647,0.002493673078445258
397464131,0.004009135074168203
397633666,0.0028992691598182635
398120967,0.002951882134559614
398462787,0.0016856469145955409
399493455,0.0016349483144245233
399505497,0.0012493199559435518
399527237,0.002968629431300119
399644859,0.0032689927702199703
399651919,0.0025139767770020038
403996946,0.0026158374276952006
407030795,0.0015054610912307318
411000199,0.0014745250534111028
411786274,0.002350823136905578
412443067,0.0013512736263442413
426907745,0.003554089851579679
434460832,0.002142689604463644
435923452,0.002240566773637088
442334304,0.0018074224032011762
446783544,0.0034650137916037555
453290398,0.001571461517935436
455060666,0.0029139064116612055
456042335,0.001030104654294096
456760820,7.425983822236368E-4
458845777,0.002797307965122432
463999696,0.0022368769692298293
464435768,0.0032836269978111297
465472520,0.0010961359991802375
466121896,0.0033007340676454396
466311355,0.0022669097530274803
467753757,0.002309439277062243
478817325,0.0021178494447417822
488806995,0.0023103996053328362
497334912,0.0018317002963818005
506982155,0.0028252520407682233
510896241,0.001872486891236381
512620911,0.002440984907909783
512638904,0.002519598710316618
512896378,0.002913815391114017
519281688,0.002306403883014841
521112781,8.661439919910982E-4
523832656,0.0019994649888963384
524620711,0.0014589719403125265
532562821,0.0023256128890102763
533836053,0.001694222399303303
536893070,0.002232483431791966
540748208,0.0015034965266045538
543844138,8.907965189996822E-4
545106865,0.002308718987180814
554003471,0.0016815871990479856
554402185,0.0018836365963329947
555800132,0.002552054903910662
563853564,0.001809750526647381
