1239301,0.0022666555141063645
14936610,0.004868830213283704
18652836,0.008973303060677184
18848018,0.007131180922144754
20728561,0.007376019021533043
24182811,0.004694835738357628
35369214,0.010686681655145126
40302738,0.003711643025756107
44312605,9.176911189775047E-4
46948334,0.005511968554376413
50042330,0.008268170549829423
50570449,0.0053215355710313226
77000938,0.004779264444071064
90084099,0.0070118197125998765
100322679,0.008504839542158638
110260678,0.001491486772849871
131482972,0.006576837810800985
145910123,0.005099277452311557
165009253,0.0038915831418058
167063179,0.004694835738357628
180463340,0.015510898628665504
180717062,0.006931368786238213
184426481,0.008265427349372235
186353014,0.003431489204533623
195066320,0.006717242820261649
232414166,0.004730394365899461
243298366,0.005027018104622161
249950079,0.006818919001646041
269930499,0.008428175204765043
270231980,0.007280689413412379
270673659,0.009360243546300384
271136534,0.005504496116802816
271515500,0.006825241559474794
271658840,0.00887161237958256
271753649,0.006553309717921852
272177272,0.004386536163631294
273022647,0.006572906138146695
273069036,0.0053466376478104715
273452154,0.006532686398779819
275268943,0.004307008070075003
284681556,0.007568169617545696
284745621,0.007422161356018964
286481552,0.006298267296708704
287906361,0.008565865640569003
288404606,0.005284499635920415
290176149,0.008004719507309833
290929161,0.007890517164171374
291245327,0.007680808096276937
292030309,0.008807180914911929
292608038,0.007235515951172179
292915903,0.00789416721497449
293802222,0.007457190406305504
294212020,0.002354713931138153
294290268,0.006836625988100909
294361452,0.007330117045487473
294854135,0.007648000329547844
295062437,0.007565840670006341
295355360,0.006074168291500004
295378422,0.0040629816730620725
296171243,0.007342216316167228
297042642,0.006890302942858884
297229855,0.005715936505450859
297291313,0.0042351997224364234
297294984,0.004233389848443526
297358566,0.008003975791846219
298357905,0.00381769765424227
298376225,0.005242708128273566
299105597,0.0063487286322674984
299243917,0.005461563949822935
299980984,0.0036838282090434723
300007014,0.006593235186458091
300012435,0.005368779359353116
300021044,0.004928418759275278
300385517,0.005828700802951548
300461530,0.005464124285092598
300465643,0.006266312650379891
300648022,0.0042917929835971655
300933249,0.0036772478669923067
301282103,0.009531374002992865
301529877,0.004780521953009643
301721565,0.005069798276665583
301726492,0.006097486410701581
301869137,0.004766461003575874
302374422,0.0037606715663719434
303643912,0.004362098305930463
304411861,0.005158654069530289
304538673,0.0036291007017303263
307121607,0.005912015978694885
307721313,0.006552475177497886
308038887,0.0014122560918827139
309012614,0.004744602558978418
311704980,0.003354755372740815
311840368,0.0047116797639978674
312217057,0.0043823189960426456
314912550,0.005134840201092206
316145848,0.003201790365776592
319625617,0.004034990659668015
320140485,0.006439598871359099
320167393,0.0035106305989507157
320995385,0.005454221718966924
321096972,0.003978262762095742
321405950,0.003588532432033876
321579851,0.00304875557528479
325116715,0.003547155243788925
325954622,0.003413893687886716
330314403,0.009739015367060833
332577132,0.003188203351849129
338614678,0.0057607351351839815
339799759,0.0029370851910903504
341698468,0.003429161798496839
343051634,0.0058127694403743
344427455,0.003764269199903115
345056098,0.0026292931982175426
348152252,0.002862817095476689
349741737,0.0028822404607786074
349872060,0.004038402442413403
349883172,0.0031419392425255273
349932090,0.0042672107889962126
351641666,0.003338607462294508
353541134,0.00480921021414591
354105472,0.0028682360830976313
354139446,0.0043714804054366466
354607164,0.0034786110456230153
355743081,0.0037280980554647023
356003327,0.0028800359080128463
357227113,0.004839443251032694
357740963,0.0037225468418660376
357984457,0.003719599685312037
360094552,0.003535711482775273
360268721,0.004090347023495756
363013461,0.003067285108747942
363319244,0.002788688556868269
366472553,0.0021443858409589075
367061959,0.002822386111504361
367310802,0.0038188648298933324
367946968,0.004014730892388374
368829926,0.004194630147023905
370352650,0.0035344338709115027
372499406,0.0031494971963843773
373206070,0.0015987514251924358
374833275,0.004389488550780274
378428747,0.004467019418254982
379644023,0.002948561493733482
380247256,0.0019428460880795092
380608882,0.002890788400211509
380847759,0.0032424406559335103
381754880,0.003111503590819243
384347036,0.002638682730023479
384969872,0.0019402678052051988
387695947,0.004549799547269263
388622544,0.003849350275843367
392468646,0.002964038327966168
394239302,0.0035401131560070416
394508134,0.00311208374698484
395026311,0.003706437320554446
395029889,0.003189831357915441
395472453,0.002765423175762894
395873820,0.0029708578928171257
396944066,0.0024129843030300754
397067160,0.0034229064498709112
397322647,0.0024901001839430456
397464131,0.004002644276099577
397633666,0.002894959766465522
398120967,0.0029474121327189413
398462787,0.0016836431607066835
399493455,0.0016330807477266127
399505497,0.0012482486680915235
399527237,0.002964200414564889
399644859,0.0032639850762030027
399651919,0.002510421142844766
403996946,0.002612069553990782
407030795,0.0015038489060521308
411000199,0.0014730044492558
411786274,0.002347536791032812
412443067,0.0013499708239783424
426907745,0.0035483862147635
434460832,0.0021398129256545283
435923452,0.002237464562333603
442334304,0.0018052317958541016
446783544,0.0034596112379154283
453290398,0.0015697236593246408
455060666,0.0029094845605164075
456042335,0.0010294560837087693
456760820,7.425172994976812E-4
458845777,0.0027931293026290725
463999696,0.0022338671584043687
464435768,0.003278474999363002
465472520,0.0010953462844759407
466121896,0.0032955545958180074
466311355,0.002263776379252281
467753757,0.00230627091179716
478817325,0.0021150390698699405
488806995,0.0023071284959064863
497334912,0.001829454768560513
506982155,0.0028209845447441104
510896241,0.0018701697198799003
512620911,0.0024374949375874488
512638904,0.0025159761042891976
512896378,0.0029095362688827072
519281688,0.0023031803259278014
521112781,8.658218117693969E-4
523832656,0.001996852932118177
524620711,0.0014574320696943096
532562821,0.002322718906564237
533836053,0.0016922110314431258
536893070,0.002229403151725396
540748208,0.0015018964910018758
543844138,8.904186143104517E-4
545106865,0.0023063753165138545
554003471,0.0016796127329348884
554402185,0.0018812292934603967
555800132,0.00254828545314243
563853564,0.0018074730176727235
