1239301,0.0022621450543943277
14936610,0.004857853854557593
18652836,0.00895281141631361
18848018,0.007112317933226709
20728561,0.0073608841944610825
24182811,0.004694835738357628
35369214,0.010664219056727719
40302738,0.0037042595013395247
44312605,9.171504211031199E-4
46948334,0.005497739747372666
50042330,0.008247825273995237
50570449,0.005307871932675457
77000938,0.004767724427276821
90084099,0.006996610680810167
100322679,0.00848530344848999
110260678,0.0014889684771538078
131482972,0.00656303365296711
145910123,0.005086301913181646
165009253,0.0038829275932789962
167063179,0.004694835738357628
180463340,0.015472111828805767
180717062,0.006916223457776627
184426481,0.008246961530060194
186353014,0.0034232225058281394
195066320,0.006701938177432144
232414166,0.004720236422892899
243298366,0.005015263856078068
249950079,0.00680038646480401
269930499,0.008404952650219033
270231980,0.0072608721014353565
270673659,0.00933461194638088
271136534,0.005489838888818244
271515500,0.00680638531405069
271658840,0.008847131025070242
271753649,0.006535521164025827
272177272,0.004375265530209194
273022647,0.006555036227857759
273069036,0.005332385953281605
273452154,0.006515480954951759
275268943,0.004295996797939129
284681556,0.007547896224898555
284745621,0.0074022616115349
286481552,0.006281555801635964
287906361,0.00854291375037295
288404606,0.0052708680150522335
290176149,0.007983367662766373
290929161,0.007869399049761827
291245327,0.0076601486538698145
292030309,0.008783110015995167
292608038,0.007216170849208115
292915903,0.007873534526991112
293802222,0.0074371826808806284
294212020,0.002349754765075463
294290268,0.006818900566233911
294361452,0.007310676704330521
294854135,0.007627941201119515
295062437,0.0075458802735034036
295355360,0.006058192314251332
295378422,0.004052735754633009
296171243,0.007322463836974325
297042642,0.006871812008032553
297229855,0.005700825278675015
297291313,0.004224495643777604
297294984,0.004222640801820067
297358566,0.007982550890594698
298357905,0.0038082447213787737
298376225,0.005229154287574179
299105597,0.006331799995607557
299243917,0.0054472595009633865
299980984,0.0036749806189823493
300007014,0.006575757038920106
300012435,0.0053549172846237844
300021044,0.004915797906435305
300385517,0.005813369292830007
300461530,0.0054499941744529995
300465643,0.006249945824149595
300648022,0.0042809733888794065
300933249,0.0036681883087317465
301282103,0.009505351558730158
301529877,0.00476826430569648
301721565,0.005056690242529417
301726492,0.006081882379314752
301869137,0.0047544461467828435
302374422,0.003751419063630724
303643912,0.0043510394976897585
304411861,0.005145367173165627
304538673,0.0036202515168247693
307121607,0.0058964318244966625
307721313,0.00653609785760867
308038887,0.0014101310586943647
309012614,0.0047325469428165295
311704980,0.0033468171207664773
311840368,0.004699546373851749
312217057,0.004371325368467783
314912550,0.005121736047769932
316145848,0.0031942221919257783
319625617,0.004024911633243878
320140485,0.0064227252510341126
320167393,0.003502268579879942
320995385,0.005439963094634127
321096972,0.00396845313837051
321405950,0.0035798081838243298
321579851,0.003041683255035
325116715,0.003538671069529787
325954622,0.003405668630623527
330314403,0.009718381077275386
332577132,0.0031807513395711202
338614678,0.005745976759428718
339799759,0.002930399254566996
341698468,0.0034209714737449166
343051634,0.005797678791188933
344427455,0.0037552007235013072
345056098,0.0026235770971857484
348152252,0.0028576529636871193
349741737,0.0028756950854790693
349872060,0.004028415216564586
349883172,0.0031346560773477315
349932090,0.00425675271219237
351641666,0.0033307340740271092
353541134,0.004799693214611157
354105472,0.00286181297508168
354139446,0.004360654840295443
354607164,0.0034703052651116513
355743081,0.0037191595059289603
356003327,0.0028735120256192523
357227113,0.0048271147363471165
357740963,0.0037137913956235345
357984457,0.0037107411779493623
360094552,0.0035272967101468884
360268721,0.0040803152254943915
363013461,0.0030603945435564448
363319244,0.0027824674513999845
366472553,0.0021400500294680887
367061959,0.002816014755919728
367310802,0.0038100582906486443
367946968,0.004005048166639004
368829926,0.004184558679683082
370352650,0.003526002101555182
372499406,0.0031421292555228637
373206070,0.001596119560028942
374833275,0.004379075038398274
378428747,0.004455691228961346
379644023,0.0029419582556534213
380247256,0.001939158745901782
380608882,0.002884589363586688
380847759,0.0032348103751451483
381754880,0.0031046051472663158
384347036,0.0026331208039869444
384969872,0.001936667162883655
387695947,0.004538504004742695
388622544,0.003839935462312983
392468646,0.0029572594065234944
394239302,0.0035315965398445177
394508134,0.0031048963018497806
395026311,0.003697422292700626
395029889,0.0031825228592174746
395472453,0.002759254557142899
395873820,0.0029641843834020028
396944066,0.0024079710715091416
397067160,0.003414736705801747
397322647,0.002484746037609998
397464131,0.0039929150864941535
397633666,0.002888498989816558
398120967,0.00294071167329324
398462787,0.001680636348621679
399493455,0.0016302831609869236
399505497,0.0012466406605858857
399527237,0.002957561980131263
399644859,0.0032564776069398567
399651919,0.0025050940833557752
403996946,0.0026064212373262626
407030795,0.0015014325319703268
411000199,0.0014707247277533815
411786274,0.0023426056410449153
412443067,0.0013480130646917451
426907745,0.003539833006855165
434460832,0.0021355028504536086
435923452,0.0022328116118137905
442334304,0.001801949039347651
446783544,0.0034515012328688818
453290398,0.0015671189668160289
455060666,0.0029028524289265397
456042335,0.0010284825684016461
456760820,7.423944276729663E-4
458845777,0.0027868618183424904
463999696,0.0022293568494410783
464435768,0.0032707488501023682
465472520,0.0010941604994718864
466121896,0.0032877828199366697
466311355,0.002259078545032512
467753757,0.002301521454248846
478817325,0.002110826713872061
488806995,0.002302223927947612
497334912,0.0018260858958661038
506982155,0.0028145829203572565
510896241,0.0018666966620208179
512620911,0.002432258615701844
512638904,0.0025105450536762283
512896378,0.002903053701695658
519281688,0.0022983454927930644
521112781,8.653379067459675E-4
523832656,0.001992936639701416
524620711,0.0014551198529466412
532562821,0.0023183800947868213
533836053,0.0016891975284329737
536893070,0.0022247819836798363
540748208,0.001499493038793421
543844138,8.89849105644803E-4
545106865,0.0023022282849729297
554003471,0.0016766479944385856
554402185,0.0018776177902714473
555800132,0.002542628343574083
563853564,0.0018040538953960413
