1239301,0.0022831136685659064
14936610,0.004900491727514723
18652836,0.00901854262585633
18848018,0.007227419627927279
20728561,0.007378410905514588
24182811,0.004694835738357628
35369214,0.010687140164029673
40302738,0.0037230700428358752
44312605,9.195722221398093E-4
46948334,0.005584702350117854
50042330,0.008340595730417167
50570449,0.005391157090864485
77000938,0.0048325276561377315
90084099,0.0070308876680178715
100322679,0.008553751278780088
110260678,0.001504519631291746
131482972,0.006586866602331188
145910123,0.005165632096052409
165009253,0.003918047553563642
167063179,0.004694835738357628
180463340,0.015636632129983386
180717062,0.006970656078121951
184426481,0.008299557494158338
186353014,0.0034731264861625594
195066320,0.006754917949385831
232414166,0.004750693017852004
243298366,0.0050680912635675986
249950079,0.006913607427416113
269930499,0.008547671744165687
270231980,0.007382334317137551
270673659,0.009488993458146557
271136534,0.005579155351299537
271515500,0.006921756210451836
271658840,0.008997404596377722
271753649,0.006644322179565765
272177272,0.0044437963472978795
273022647,0.006664259876399715
273069036,0.005419195989791238
273452154,0.0066149114701352435
275268943,0.004362871233408928
284681556,0.0076705266119666115
284745621,0.007524601628686046
286481552,0.006383856276099809
287906361,0.008680535795722366
288404606,0.005354283105518821
290176149,0.00811137454486246
290929161,0.007998290305952227
291245327,0.007784817383546883
292030309,0.008931137039801373
292608038,0.00733505173149982
292915903,0.008000161289621733
293802222,0.00756010791394377
294212020,0.002380551214967031
294290268,0.006922606314331037
294361452,0.007429172660906747
294854135,0.007748993720381381
295062437,0.007668622652202007
295355360,0.0061560584625317775
295378422,0.004116334367265641
296171243,0.007443796714890172
297042642,0.006985257881590346
297229855,0.005794504859043204
297291313,0.004290794348910399
297294984,0.004289195680869429
297358566,0.008111937565920503
298357905,0.003865434462088647
298376225,0.005311728390208859
299105597,0.006436861330551014
299243917,0.005534534383989499
299980984,0.0037285268452001536
300007014,0.006681824637983059
300012435,0.005439456298993296
300021044,0.004992662914376101
300385517,0.005907013138787566
300461530,0.005534145775366173
300465643,0.006350840494653799
300648022,0.004346717204109641
300933249,0.0037243555067766783
301282103,0.009667670935161854
301529877,0.004844422583412356
301721565,0.005138162337809749
301726492,0.006178888166616648
301869137,0.0048267965080617935
302374422,0.0038087487996768094
303643912,0.00441972264754671
304411861,0.005228065317280684
304538673,0.0036751807615224017
307121607,0.005993240597874806
307721313,0.00663481338308205
308038887,0.0014233388769048679
309012614,0.004807424616885814
311704980,0.003396231205554191
311840368,0.004774885289609788
312217057,0.004439575498347526
314912550,0.005203312714750186
316145848,0.0032411955130305934
319625617,0.004087403838204896
320140485,0.006526303572375159
320167393,0.0035542215503233227
320995385,0.005528500455895969
321096972,0.004029311423275917
321405950,0.003634018275827234
321579851,0.003085574644794665
325116715,0.0035913139188074048
325954622,0.003456626766021632
330314403,0.009743577456285981
332577132,0.0032269804326665826
338614678,0.005837770128184761
339799759,0.002971951155198017
341698468,0.003471903251304443
343051634,0.005890146067142755
344427455,0.0038116833087974873
345056098,0.0026591692118222775
348152252,0.0028694800254220674
349741737,0.002916357893193467
349872060,0.004090500622553495
349883172,0.0031799268235522824
349932090,0.004321751769859961
351641666,0.0033796356826519833
353541134,0.004815231620816608
354105472,0.0029017053654775147
354139446,0.00442792290316223
354607164,0.003521949120224722
355743081,0.00377469076767969
356003327,0.0029141516474033187
357227113,0.004903679262608907
357740963,0.003767265012741095
357984457,0.0037658744289933883
360094552,0.0035795764574891426
360268721,0.004140400398157485
363013461,0.003103325043796335
363319244,0.0028210778435300518
366472553,0.0021651813592348254
367061959,0.002855658058363165
367310802,0.003864840244543789
367946968,0.004065403940260271
368829926,0.004247253082778603
370352650,0.0035782510605918425
372499406,0.003187909978553339
373206070,0.0016125631289674266
374833275,0.004443891940557055
378428747,0.004526050370143399
379644023,0.0029830647656331486
380247256,0.001962085151055849
380608882,0.002923190471140092
380847759,0.0032823118247711455
381754880,0.003147600124677897
384347036,0.0026678423129147043
384969872,0.00195908656907935
387695947,0.004606244215776802
388622544,0.003898471053819353
392468646,0.0029993551560642435
394239302,0.0035844111437404852
394508134,0.0031495932666280486
395026311,0.0037534398250705044
395029889,0.003227985302939974
395472453,0.0027975663330130694
395873820,0.0030056840677594072
396944066,0.0024391967819360934
397067160,0.0034654619336129465
397322647,0.002518068301308208
397464131,0.004053423325078743
397633666,0.0029286561212962035
398120967,0.0029823784552923233
398462787,0.0016992762139330217
399493455,0.0016477124945345487
399505497,0.0012566013183209499
399527237,0.0029988536497717495
399644859,0.003303144961430494
399651919,0.0025382691111395022
403996946,0.0026415393986758636
407030795,0.00151646262190528
411000199,0.0014848940508477744
411786274,0.002373181701680128
412443067,0.0013600999129016918
426907745,0.0035929579181561487
434460832,0.002162340625111515
435923452,0.0022616959638276377
442334304,0.001822379114830742
446783544,0.003501724849249999
453290398,0.00158332212706458
455060666,0.0029440244659076917
456042335,0.0010345125824392518
456760820,7.4313459319686E-4
458845777,0.002825768565501253
463999696,0.002257427496826981
464435768,0.0033187321406535695
465472520,0.001101497778038297
466121896,0.0033359704917734555
466311355,0.002288273844553746
467753757,0.0023310524294834385
478817325,0.0021370266357940045
488806995,0.00233269997490655
497334912,0.0018469841412957386
506982155,0.002854306306719568
510896241,0.001888299265895089
512620911,0.00246473201784514
512638904,0.0025443021030446605
512896378,0.002942148519898669
519281688,0.002328359651776314
521112781,8.683296694676166E-4
523832656,0.0020172742224281457
524620711,0.0014694260102919863
532562821,0.0023453457353048495
533836053,0.0017079628607666883
536893070,0.0022534479772935217
540748208,0.0015143492350239603
543844138,8.933366276528751E-4
545106865,0.002316715018444061
554003471,0.0016949931444037566
554402185,0.0019000213693948673
555800132,0.0025776854895616774
563853564,0.0018252221565694846
