1239301,0.0022642429574466724
14936610,0.004863030675526293
18652836,0.008962594896340794
18848018,0.007120857823449601
20728561,0.007368373397614537
24182811,0.004694835738357628
35369214,0.010675358335422547
40302738,0.003707826537513515
44312605,9.174027574977437E-4
46948334,0.005504180358477729
50042330,0.008257304264745958
50570449,0.0053140586535141985
77000938,0.0047729967147211345
90084099,0.007003994102408374
100322679,0.008494580579711086
110260678,0.0014901069966277054
131482972,0.00656980033051926
145910123,0.00509217503951962
165009253,0.0038869970603377943
167063179,0.004694835738357628
180463340,0.015490284669087973
180717062,0.0069234046464521585
184426481,0.008255834424264807
186353014,0.003426969748600218
195066320,0.006709211676909522
232414166,0.004725104547535498
243298366,0.005020746046077452
249950079,0.006808775481042662
269930499,0.008415457497014845
270231980,0.007269839366674692
270673659,0.009346233396102011
271136534,0.005496475717584449
271515500,0.006814919444125312
271658840,0.008858206843181084
271753649,0.006543572396387877
272177272,0.004380370176543269
273022647,0.006563124929400633
273069036,0.005338839455337197
273452154,0.006523317644789617
275268943,0.004300984651874874
284681556,0.007557083697722678
284745621,0.00741126303102877
286481552,0.006289118819879636
287906361,0.008553325372597589
288404606,0.005277037479411351
290176149,0.007993053829452524
290929161,0.007878959652791796
291245327,0.007669513748917356
292030309,0.008793997818722834
292608038,0.007224921807776386
292915903,0.0078828692728371
293802222,0.0074462335954399664
294212020,0.0023519953382879384
294290268,0.006826963059140812
294361452,0.0073194789994181835
294854135,0.007637034081037686
295062437,0.007554908874155931
295355360,0.006065421893274593
295378422,0.004057365128048818
296171243,0.007331399511460891
297042642,0.006880178166122764
297229855,0.005707653961892479
297291313,0.004229333283931314
297294984,0.0042274989422572025
297358566,0.007992262059926848
298357905,0.0038125285407864203
298376225,0.005235291637038731
299105597,0.00633944896073675
299243917,0.005453735616104073
299980984,0.003678989993725313
300007014,0.006583674910436944
300012435,0.005361193451265112
300021044,0.004921513015617652
300385517,0.005820309556404514
300461530,0.00545640901293385
300465643,0.006257346819186328
300648022,0.004285874157196791
300933249,0.003672282238833336
301282103,0.009517102734319029
301529877,0.00477380202921498
301721565,0.005062611909963866
301726492,0.00608893146493077
301869137,0.0047598938617034355
302374422,0.003755600482893474
303643912,0.004356035819839722
304411861,0.005151368651625066
304538673,0.003624249822744364
307121607,0.005903472543943767
307721313,0.006543522772992706
308038887,0.00141109104681394
309012614,0.004737993609453529
311704980,0.0033504026387368275
311840368,0.004705028366718157
312217057,0.004376292505660363
314912550,0.005127654836289853
316145848,0.003197641721610612
319625617,0.004029466221365997
320140485,0.006430359217049531
320167393,0.003506046373624972
320995385,0.0054464052858952845
321096972,0.0039728856942224736
321405950,0.003583749546144222
321579851,0.0030448787975933876
325116715,0.0035425046457226335
325954622,0.00340938576771126
330314403,0.00972858234160643
332577132,0.003184118598094333
338614678,0.005752643444177497
339799759,0.0029334197059347708
341698468,0.0034246712948265987
343051634,0.005804507539344318
344427455,0.0037592964587225062
345056098,0.002626158843415883
348152252,0.0028601592667405703
349741737,0.002878652172896668
349872060,0.004032926936381532
349883172,0.003137946276203852
349932090,0.0042614772660477095
351641666,0.003334291240410071
353541134,0.0048043654323669535
354105472,0.0028647149503035828
354139446,0.00436554553936961
354607164,0.0034740572931901033
355743081,0.003723197797373846
356003327,0.002876458464763832
357227113,0.004832684780396935
357740963,0.003717754880128755
357984457,0.003714742440863606
360094552,0.003531098343066819
360268721,0.00408486658991254
363013461,0.0030635065249248646
363319244,0.002785278382882584
366472553,0.0021420242219142302
367061959,0.002818892702564458
367310802,0.0038140363405750896
367946968,0.004009420939403331
368829926,0.0041891077233435995
370352650,0.0035298125799477337
372499406,0.0031454579069054808
373206070,0.0015973078064894573
374833275,0.004383778618851043
378428747,0.0044608092525072925
379644023,0.0029449407910056243
380247256,0.0019408244785813942
380608882,0.002887389230111271
380847759,0.003238256782171934
381754880,0.0031077205726637975
384347036,0.002635632152871526
384969872,0.0019382934480950418
387695947,0.004543627902078275
388622544,0.003844188534387772
392468646,0.0029603221726779657
394239302,0.003535444990686788
394508134,0.003108143082747606
395026311,0.0037014950383513997
395029889,0.003185824217346212
395472453,0.002762041535809235
395873820,0.002967199026691137
396944066,0.0024102352821251177
397067160,0.0034184279017358994
397322647,0.002487164444867208
397464131,0.003997310014685841
397633666,0.002891417711291556
398120967,0.002943738494761906
398462787,0.0016819951174261724
399493455,0.0016315466480796522
399505497,0.0012473673800946336
399527237,0.002960560694302817
399644859,0.0032598691398766596
399651919,0.002507500076646952
403996946,0.0026089728237571174
407030795,0.0015025240503041778
411000199,0.0014717546122688281
411786274,0.0023448339502670345
412443067,0.0013488981878913683
426907745,0.003543697286315851
434460832,0.0021374495370514845
435923452,0.002234913922141036
442334304,0.0018034318349441812
446783544,0.0034551665533604455
453290398,0.0015682955445504695
455060666,0.0029058489715430686
456042335,0.0010289225328711247
456760820,7.424501351329446E-4
458845777,0.0027896936281399894
463999696,0.0022313941051129724
464435768,0.003274239492222964
465472520,0.0010946964661548329
466121896,0.0032912947493264574
466311355,0.002261200857012714
467753757,0.0023036669629823655
478817325,0.0021127295256269784
488806995,0.0023044396569935404
497334912,0.0018276081713998202
506982155,0.002817475447111551
510896241,0.0018682655127327372
512620911,0.0024346247788548997
512638904,0.0025129985575609087
512896378,0.002905992469661701
519281688,0.0023005299720103133
521112781,8.65556651681377E-4
523832656,0.001994705883428228
524620711,0.0014561649607663049
532562821,0.0023203401980231636
533836053,0.001690558600987547
536893070,0.0022268701027519777
540748208,0.0015005795159345643
543844138,8.901068380714925E-4
545106865,0.0023041979510913142
554003471,0.0016779880263334554
554402185,0.0018792496779247222
555800132,0.0025451848359103087
563853564,0.0018055992061113421
