1239301,0.002279453441062774
14936610,0.0048953398280196184
18652836,0.009015054982476189
18848018,0.007199826682447142
20728561,0.007389826474966444
24182811,0.004694835738357628
35369214,0.010705654522892051
40302738,0.0037239668471307007
44312605,9.191685092651234E-4
46948334,0.005563830488038124
50042330,0.008324836947324488
50570449,0.005371214021963656
77000938,0.0048181687282272245
90084099,0.007034938223453114
100322679,0.008547922992077052
110260678,0.0015007560427170892
131482972,0.006593505103248876
145910123,0.005146583903408586
165009253,0.003913315836437082
167063179,0.004694835738357628
180463340,0.01561239722184158
180717062,0.0069654755850683935
184426481,0.008299383136611627
186353014,0.003461273062723681
195066320,0.006750612178641436
232414166,0.00474989942929145
243298366,0.005059403270045127
249950079,0.006886447968847765
269930499,0.008513258783134492
270231980,0.007353113665542455
270673659,0.009452407233604878
271136534,0.005557773425809987
271515500,0.006894043537997763
271658840,0.008961209840820206
271753649,0.006618193604319944
272177272,0.004427418870475354
273022647,0.006638046319060354
273069036,0.0053984214371871845
273452154,0.006592249616662716
275268943,0.004346907395686262
284681556,0.007641365270340006
284745621,0.007495091420444201
286481552,0.006359269314746175
287906361,0.008648064348674357
288404606,0.005334239392889262
290176149,0.008081159937976312
290929161,0.007967387836399699
291245327,0.007755223897058872
292030309,0.008895423571650584
292608038,0.0073063846246646195
292915903,0.007969663720380172
293802222,0.007530472309028969
294212020,0.002373060478814782
294290268,0.0068987084927562455
294361452,0.007400802147205955
294854135,0.00772025573689692
295062437,0.0076390082819876035
295355360,0.006132522057598667
295378422,0.004100872307956284
296171243,0.007414549884035782
297042642,0.006957940068807634
297229855,0.005771753610790743
297291313,0.004274704885685911
297294984,0.004273049543846842
297358566,0.008081204677112087
298357905,0.0038518272501483217
298376225,0.005291964250793658
299105597,0.006411322925052932
299243917,0.005513618735969917
299980984,0.0037157806188793394
300007014,0.006656519826558483
300012435,0.005419203122912709
300021044,0.00497426906096965
300385517,0.005884549594904942
300461530,0.00551440009996671
300465643,0.00632644549134287
300648022,0.004331015271075135
300933249,0.003710713580878778
301282103,0.009628039463789297
301529877,0.004825891060065746
301721565,0.005118331323158177
301726492,0.006155273499118753
301869137,0.0048096561467196215
302374422,0.0037948312586854947
303643912,0.004403016785838676
304411861,0.005207913204706106
304538673,0.0036618255156759326
307121607,0.005969688709885791
307721313,0.006611402426617619
308038887,0.001420124594344575
309012614,0.004789210271994793
311704980,0.003384189060918775
311840368,0.004756563491012034
312217057,0.004422979675493967
314912550,0.005183430349663954
316145848,0.003229775854035811
319625617,0.004072224765989209
320140485,0.006501349144330138
320167393,0.003541580978001125
320995385,0.0055069677971210105
321096972,0.004014520961229695
321405950,0.003620826741573669
321579851,0.003074904413481395
325116715,0.0035785186156522607
325954622,0.003444257175781363
330314403,0.00975837476850987
332577132,0.003215746020689526
338614678,0.005815414038008871
339799759,0.00296183852881089
341698468,0.0034595015276159165
343051634,0.005867902149495908
344427455,0.0037979112078778917
345056098,0.0026504926203165585
348152252,0.0028706853915287274
349741737,0.0029064639839112122
349872060,0.004075386437236862
349883172,0.003168907291931223
349932090,0.004305930487882992
351641666,0.003367739650659619
353541134,0.004820257605681522
354105472,0.0028920016176221318
354139446,0.004411553218890308
354607164,0.0035093753852584405
355743081,0.0037611793136625555
356003327,0.0029042416335164807
357227113,0.004885056482928607
357740963,0.0037544357284992067
357984457,0.0037524402101303486
360094552,0.003566855627307209
360268721,0.004126233038662153
363013461,0.003092854685221514
363319244,0.002811690924702393
366472553,0.002159438479814103
367061959,0.0028460003569057654
367310802,0.003851496317222459
367946968,0.004050677089546784
368829926,0.0042319726038136055
370352650,0.0035655659261670143
372499406,0.0031767701919511956
373206070,0.001608543485529058
374833275,0.0044280958235708885
378428747,0.004508936709110034
379644023,0.0029730460178348356
380247256,0.001956502704636055
380608882,0.002913779706952969
380847759,0.0032707340960519424
381754880,0.00313711040300635
384347036,0.002659360388290711
384969872,0.001953621198001688
387695947,0.004590258928440139
388622544,0.003884219890389918
392468646,0.0029891170054475286
394239302,0.00357158184944868
394508134,0.003138709833294829
395026311,0.003739808441534965
395029889,0.003216911793990707
395472453,0.0027882475286537876
395873820,0.0029955787376116268
396944066,0.0024315832999696205
397067160,0.0034531267125408114
397322647,0.0025099493935818234
397464131,0.004038688190141816
397633666,0.00291888187095768
398120967,0.0029722325822354244
398462787,0.001694750077124386
399493455,0.0016434623400278132
399505497,0.0012541842925407173
399527237,0.002988796958127327
399644859,0.0032917848203601672
399651919,0.0025301816588785505
403996946,0.0026329892049693944
407030795,0.0015128025729814318
411000199,0.0014814458031401365
411786274,0.002365754422246514
412443067,0.0013571752140456147
426907745,0.00358003513567613
434460832,0.0021557988399513624
435923452,0.0022546733829335924
442334304,0.0018174014878445952
446783544,0.003489538635969925
453290398,0.001579375032426956
455060666,0.0029340137039276077
456042335,0.001033049505551876
456760820,7.429594432528894E-4
458845777,0.002816308855128714
463999696,0.0022505881266829736
464435768,0.0033070621823049215
465472520,0.0010997192072159444
466121896,0.0033242675109454787
466311355,0.0022811694519282674
467753757,0.002323862975138159
478817325,0.0021306465947623426
488806995,0.0023252845435513658
497334912,0.0018419055922754843
506982155,0.0028446521799401444
510896241,0.001883038368871471
512620911,0.002456843880938809
512638904,0.002536086317215936
512896378,0.0029328770800225675
519281688,0.002321062805569941
521112781,8.67604980815063E-4
523832656,0.002011351817484442
524620711,0.0014659582410081703
532562821,0.002338783238039955
533836053,0.0017033887858565642
536893070,0.002246483390601984
540748208,0.0015107506196932582
543844138,8.924985017279461E-4
545106865,0.0023155010418782103
554003471,0.0016905456505105895
554402185,0.0018945780261879327
555800132,0.002569175434448457
563853564,0.0018200879665733146
