1239301,0.0022893429995042743
14936610,0.0049003633637972
18652836,0.00899349930861948
18848018,0.0073032861279648705
20728561,0.007302190949142218
24182811,0.004694835738357628
35369214,0.01056844232318557
40302738,0.003705424946858816
44312605,9.201969527771645E-4
46948334,0.005642148189756458
50042330,0.008365328651345894
50570449,0.005445890355233619
77000938,0.004868718704822217
90084099,0.006984604081183111
100322679,0.008539572586071277
110260678,0.0015149632323505423
131482972,0.006533867960499751
145910123,0.005218072560885535
165009253,0.0039206133451648705
167063179,0.004694835738357628
180463340,0.01566027692249239
180717062,0.006963186415871437
184426481,0.008265207713086543
186353014,0.00350539098996936
195066320,0.00674293510312285
232414166,0.004734307015608042
243298366,0.005080593692057423
249950079,0.006988306032847081
269930499,0.0086428094924236
270231980,0.0074629410829152535
270673659,0.009588395944113048
271136534,0.005637827019447773
271515500,0.00699806444142499
271658840,0.009097367692968452
271753649,0.006716258979824975
272177272,0.004488662536434763
273022647,0.006736383124255131
273069036,0.005476183455832629
273452154,0.006673785528139465
275268943,0.004406555001944557
284681556,0.007750063083287873
284745621,0.007606221325543206
286481552,0.006451608943618826
287906361,0.008768237834985971
288404606,0.005409501144615692
290176149,0.008193131752407257
290929161,0.008083260862961229
291245327,0.007865354180260088
292030309,0.009029932888072412
292608038,0.007414323647274191
292915903,0.008084399762785811
293802222,0.0076420388489828244
294212020,0.0024014517108048813
294290268,0.006985450369186342
294361452,0.007507091021464052
294854135,0.007827214512301485
295062437,0.007750567140713005
295355360,0.006220960553193922
295378422,0.004159445748221092
296171243,0.007524641142638334
297042642,0.0070606838690514765
297229855,0.005857880398318716
297291313,0.004335585335295523
297294984,0.004334124321733302
297358566,0.008195642185976371
298357905,0.003902547955497116
298376225,0.005365971268904591
299105597,0.006508057911171395
299243917,0.005592017145475015
299980984,0.0037633077421765256
300007014,0.006751064087050085
300012435,0.005495098631647611
300021044,0.005043138521589331
300385517,0.005968792960059122
300461530,0.005587247951436925
300465643,0.006418518964412701
300648022,0.00438970811439734
300933249,0.0037623626944173656
301282103,0.009778635403174609
301529877,0.004896148587315597
301721565,0.005193535277042006
301726492,0.006244821118955347
301869137,0.004873373308939822
302374422,0.003847510626267226
303643912,0.004466317801118325
304411861,0.005284389802702695
304538673,0.003712431308733844
307121607,0.006058958494370504
307721313,0.0066985029683314995
308038887,0.0014323105780227117
309012614,0.004858251270773085
311704980,0.0034298911070186795
311840368,0.004825994030736669
312217057,0.00448586622139604
314912550,0.005258888289674846
316145848,0.0032730356946763413
319625617,0.004129691798582403
320140485,0.006595241131228736
320167393,0.0035895094130160353
320995385,0.00558856043187237
321096972,0.004070544402177379
321405950,0.003670835335353818
321579851,0.003115336664516267
325116715,0.003626993525697376
325954622,0.0034910742206853093
330314403,0.009644468499775516
332577132,0.0032583020726383756
338614678,0.005900225707384866
339799759,0.00300017459300992
341698468,0.003506541812087139
343051634,0.005951495031488353
344427455,0.003850194352864978
345056098,0.0026834366670050575
348152252,0.002855043346719444
349741737,0.00294397555760273
349872060,0.004132709134476076
349883172,0.0032106920321189453
349932090,0.004365927744650012
351641666,0.0034128394462391363
353541134,0.0047767782037431376
354105472,0.0029287841208975214
354139446,0.004473620056498963
354607164,0.0035570604785539538
355743081,0.003812408347650976
356003327,0.002941869520302621
357227113,0.004955633300662643
357740963,0.003802589254585232
357984457,0.0038034310665102885
360094552,0.00361508804059898
360268721,0.0041787079824394235
363013461,0.0031326175499748706
363319244,0.002847261285908221
366472553,0.0021802204407527235
367061959,0.002882645577549315
367310802,0.003902139653675963
367946968,0.004106618798389295
368829926,0.004289968605255613
370352650,0.0036135792450955116
372499406,0.003219003692604506
373206070,0.001623834391668911
374833275,0.004488052005556287
378428747,0.004573791941650175
379644023,0.003011077167568633
380247256,0.001977680091906709
380608882,0.0029495130507462227
380847759,0.0033146800367581226
381754880,0.003176961983010674
384347036,0.0026916113540869763
384969872,0.0019743702918481494
387695947,0.004649404810400061
388622544,0.003938262537642491
392468646,0.0030279134493617086
394239302,0.003620152458663629
394508134,0.0031799863113269886
395026311,0.0037914800506519304
395029889,0.0032589216507608715
395472453,0.002823567858761212
395873820,0.0030339109751116983
396944066,0.0024604916944759086
397067160,0.003499861080647438
397322647,0.0025407615514928105
397464131,0.004094576102554615
397633666,0.0029559477509542693
398120967,0.0030107152623463983
398462787,0.0017118838990632277
399493455,0.001659599238857968
399505497,0.0012633283860600704
399527237,0.003026951723379657
399644859,0.0033348635715561023
399651919,0.0025608869019129407
403996946,0.002665415926023829
407030795,0.0015266841901598446
411000199,0.0014945186208229053
411786274,0.002393876652761296
412443067,0.0013682180313230993
426907745,0.0036290034749731923
434460832,0.0021806321742338106
435923452,0.0022812770192763626
442334304,0.0018362890975118127
446783544,0.0035356187684306268
453290398,0.0015943476600319036
455060666,0.0029719373922239673
456042335,0.0010385839767627979
456760820,7.436091502518458E-4
458845777,0.0028521423208281113
463999696,0.002276537849750216
464435768,0.0033512809805620555
465472520,0.0011064421544893185
466121896,0.003368563240540002
466311355,0.0023081004766686737
467753757,0.002351124192975963
478817325,0.0021548436464150066
488806995,0.00235338891922996
497334912,0.0018611364506546442
506982155,0.002881209349400283
510896241,0.0019029916940985778
512620911,0.002486703696397431
512638904,0.0025672263126785173
512896378,0.0029673212483635643
519281688,0.0023487025094459887
521112781,8.703427233945468E-4
523832656,0.002033803418974035
524620711,0.0014790628357536982
532562821,0.002363659158456844
533836053,0.001720748106274673
536893070,0.002272851286054479
540748208,0.001524347024881113
543844138,8.95647227137065E-4
545106865,0.002313672888633423
554003471,0.001707356598010424
554402185,0.0019151867342975812
555800132,0.0026013775468277664
563853564,0.001839501585002413
