1239301,0.002258785953310994
14936610,0.004849341280780696
18652836,0.008936358003095425
18848018,0.007099372875493405
20728561,0.00734748844667823
24182811,0.004694835738357628
35369214,0.010644221814138776
40302738,0.0036981333590779607
44312605,9.167437241763175E-4
46948334,0.005487980823929806
50042330,0.008232597737217053
50570449,0.005298491660707927
77000938,0.004759579284630068
90084099,0.006983821920923706
100322679,0.008469853913695747
110260678,0.001487247857242014
131482972,0.006551118877880558
145910123,0.005077403525431268
165009253,0.0038762752528532793
167063179,0.004694835738357628
180463340,0.015442598302545352
180717062,0.0069042980869858505
184426481,0.008231867187143993
186353014,0.00341752751039397
195066320,0.006689807788345692
232414166,0.0047119936584499875
243298366,0.00500643861703114
249950079,0.0067876743285728795
269930499,0.008389057393126254
270231980,0.007247294279316098
270673659,0.00931694064486013
271136534,0.0054797755472214115
271515500,0.006793457985143082
271658840,0.008830366937238553
271753649,0.006523324240627093
272177272,0.004367521165088451
273022647,0.006542780483071087
273069036,0.0053225995680554975
273452154,0.0065034505416611274
275268943,0.004288427564208664
284681556,0.007533940532105167
284745621,0.0073886422198689026
286481552,0.006270100776985177
287906361,0.008527065534619883
288404606,0.005261522681232722
290176149,0.007968622664996051
290929161,0.007854907722705806
291245327,0.007645914858242154
292030309,0.008766637838036818
292608038,0.0072029290483647266
292915903,0.007859404732537345
293802222,0.007423486232639821
294212020,0.0023463731800098097
294290268,0.006806558726132185
294361452,0.007297330825006188
294854135,0.007614121165190713
295062437,0.007532220504365373
295355360,0.00604724407441839
295378422,0.004045748194605526
296171243,0.007308941168796568
297042642,0.006859147443467496
297229855,0.005690514784894308
297291313,0.004217189782796172
297294984,0.004215303387193248
297358566,0.007967793703048787
298357905,0.003801737710475695
298376225,0.005219847639748454
299105597,0.006320254139811855
299243917,0.005437442632794532
299980984,0.003668890964102079
300007014,0.006563738928273355
300012435,0.005345402552504797
300021044,0.004907130858484866
300385517,0.00580285176303963
300461530,0.005440213755011914
300465643,0.0062387553565918415
300648022,0.004273537161154795
300933249,0.003662007080558883
301282103,0.009487636308151682
301529877,0.004759907606896863
301721565,0.005047755004054611
301726492,0.006071246659414587
301869137,0.004746162147532719
302374422,0.003745104784613918
303643912,0.004343499085573544
304411861,0.005136314722515212
304538673,0.0036142164685520903
307121607,0.005885806558055751
307721313,0.006524809678578581
308038887,0.0014086825163053937
309012614,0.0047243269306114005
311704980,0.0033414089174789614
311840368,0.0046912724693561675
312217057,0.004363828243660951
314912550,0.005112808655960666
316145848,0.0031890605988997185
319625617,0.004018034999555798
320140485,0.006411170528119814
320167393,0.0034965677129753523
320995385,0.005430240027747036
321096972,0.003961761716911983
321405950,0.003573860621620529
321579851,0.0030368596507492247
325116715,0.0035328841003525076
325954622,0.0034000553154988076
330314403,0.009700160979966798
332577132,0.0031756680222520435
338614678,0.005735919081346342
339799759,0.0029258415695244686
341698468,0.003415389495032773
343051634,0.005787338241973462
344427455,0.0037490237773659236
345056098,0.002619683190571354
348152252,0.0028533140459990453
349741737,0.002871232519030432
349872060,0.004021607715478727
349883172,0.003129691508295341
349932090,0.004249623694179295
351641666,0.00332536566222419
353541134,0.004791445292241892
354105472,0.0028574334193968163
354139446,0.004353274775369332
354607164,0.0034646443589940964
355743081,0.00371306539738956
356003327,0.002869068615857518
357227113,0.004818708411060047
357740963,0.0037077847275418527
357984457,0.003704705658876751
360094552,0.003521559792645835
360268721,0.004073385457124946
363013461,0.003055701625291963
363319244,0.002778224467122104
366472553,0.0021370213843261215
367061959,0.0028116733930096736
367310802,0.003804056982264715
367946968,0.00399845479525769
368829926,0.00417769717653076
370352650,0.0035202480961038737
372499406,0.0031371062748098985
373206070,0.0015943289648680868
374833275,0.004371980162270606
378428747,0.004447967274447851
379644023,0.002937459678034916
380247256,0.001936645523867387
380608882,0.002880366541760427
380847759,0.0032296121718195857
381754880,0.003099907456837659
384347036,0.0026293355678922445
384969872,0.0019342143153358257
387695947,0.0045307049680764384
388622544,0.0038335184932498443
392468646,0.002952636941265641
394239302,0.003525786329848902
394508134,0.00309999790531268
395026311,0.0036912765121292386
395029889,0.0031775424089778743
395472453,0.002755048494711932
395873820,0.002959636139869449
396944066,0.002404556439225903
397067160,0.0034091655678571762
397322647,0.0024810981374890025
397464131,0.003986284619325065
397633666,0.0028840949664504798
398120967,0.0029361450824785923
398462787,0.0016785847942378815
399493455,0.00162837783211447
399505497,0.0012455432228512427
399527237,0.002953038065900305
399644859,0.003251360265242088
399651919,0.002501465469797527
403996946,0.002602571469171867
407030795,0.00149978586552837
411000199,0.001469170755556238
411786274,0.0023392413232818715
412443067,0.0013466752855243022
426907745,0.0035340011593894224
434460832,0.0021325668392569563
435923452,0.0022296384782498854
442334304,0.0017997124087947077
446783544,0.003445965621378978
453290398,0.0015653440000483307
455060666,0.002898329577667514
456042335,0.0010278181382750837
456760820,7.42309733161651E-4
458845777,0.002782587607428045
463999696,0.002226283892671322
464435768,0.0032654807565654985
465472520,0.0010933508983021376
466121896,0.0032824804762845226
466311355,0.002255876117508283
467753757,0.0022982844194507695
478817325,0.0021079561090778364
488806995,0.0022988804019155717
497334912,0.0018237878409968608
506982155,0.0028102166228314083
510896241,0.0018643298912343518
512620911,0.0024286863527982266
512638904,0.0025068429945554593
512896378,0.002898586644480506
519281688,0.00229504835949459
521112781,8.650074268394157E-4
523832656,0.0019902669481985276
524620711,0.0014535411223937764
532562821,0.002315422455396888
533836053,0.0016871447912513169
536893070,0.0022216296789543183
540748208,0.001497851421274877
543844138,8.894588070893725E-4
545106865,0.002298947036727018
554003471,0.001674623787423602
554402185,0.001875154250385581
555800132,0.002538767981261603
563853564,0.001801719933721447
