474	8
907	22
218	36
175	86
420	41
257	59
727	69
597	0
476	54
641	47
42	20
571	10
903	80
54	37
476	40
583	11
794	6
979	43
991	29
361	33
86	70
231	65
725	71
523	64
622	75
708	34
146	13
132	55
508	62
243	81
772	15
375	99
182	88
302	8
916	20
35	64
806	51
148	23
823	17
395	91
328	17
699	97
588	73
124	64
164	48
126	46
810	29
936	39
87	40
608	69
696	17
835	27
437	0
442	66
446	44
711	83
401	46
551	73
123	21
420	33
469	56
299	59
621	94
144	87
74	57
299	59
42	14
205	42
942	33
235	0
84	40
676	75
723	71
278	29
833	16
25	68
478	70
675	77
89	42
895	27
191	38
698	0
471	0
79	52
638	41
994	23
360	55
623	9
370	60
148	70
851	13
260	2
305	90
514	99
68	78
129	65
445	26
574	36
703	21
698	38
36	5
291	90
819	49
628	87
369	83
684	50
75	3
377	28
235	81
772	8
70	26
929	1
554	92
179	0
385	38
732	2
467	80
664	57
623	24
87	79
90	89
345	24
378	99
262	12
866	14
995	58
161	8
270	78
946	16
489	28
715	18
64	53
498	73
184	8
993	80
926	83
403	61
193	61
774	99
538	22
39	71
710	11
369	48
447	43
883	95
223	56
449	64
93	36
251	5
702	19
571	37
253	48
783	38
121	25
240	8
144	1
296	57
219	2
291	78
79	40
931	19
968	41
214	55
600	79
245	85
470	62
939	2
512	14
514	1
259	89
243	47
414	57
445	98
497	38
666	17
447	25
281	97
539	75
884	2
716	46
130	0
841	91
475	91
995	67
420	31
287	72
794	49
450	65
116	23
317	11
633	83
86	40
297	80
414	45
645	87
635	76
156	63
346	57
347	43
121	75
287	69
450	86
334	21
884	82
760	97
404	90
301	34
355	27
812	82
