1239301,0.0022905109219414363
14936610,0.004890227348935273
18652836,0.008947780825494678
18848018,0.007354886766891045
20728561,0.007222934367221146
24182811,0.004694835738357628
35369214,0.010445477742380294
40302738,0.0036793704766046494
44312605,9.199332182311401E-4
46948334,0.005681486811201953
50042330,0.008368534806616057
50570449,0.005483230380716609
77000938,0.004890865070249251
90084099,0.0069331082103167635
100322679,0.008510341334133531
110260678,0.0015222193709837802
131482972,0.006462111796665827
145910123,0.0052539057405488485
165009253,0.003915422498378153
167063179,0.004694835738357628
180463340,0.01565143005370604
180717062,0.006938053080759832
184426481,0.008211639402563864
186353014,0.0035270952008181985
195066320,0.00671717216393748
232414166,0.004708947549645504
243298366,0.005083589861280902
249950079,0.00703943290943474
269930499,0.008708338644530644
270231980,0.007518322597818528
270673659,0.009654870411461649
271136534,0.005677779713980758
271515500,0.007050318440881288
271658840,0.009166164417704327
271753649,0.006765510342550019
272177272,0.0045191377438391425
273022647,0.00678576338411634
273069036,0.005515001353999228
273452154,0.006713036231369674
275268943,0.004436232099099048
284681556,0.007803859044518081
284745621,0.007662480532119421
286481552,0.006498089915451178
287906361,0.008828187530136835
288404606,0.005447274217906429
290176149,0.008247430707317593
290929161,0.008141118737578413
291245327,0.007919530468982462
292030309,0.009097986696699568
292608038,0.00746891188516432
292915903,0.008142394634771823
293802222,0.0076984400546939785
294212020,0.0024160845978917996
294290268,0.00702822365317164
294361452,0.007560263556999903
294854135,0.007879764804940837
295062437,0.007807077997197243
295355360,0.006265512095681092
295378422,0.004189565078806968
296171243,0.007580315380685111
297042642,0.007112528818354381
297229855,0.005902090603897282
297291313,0.004366790730975968
297294984,0.004365458506320042
297358566,0.008252069315833555
298357905,0.003927630963719398
298376225,0.005403024424933878
299105597,0.006557770943866248
299243917,0.00563133200582573
299980984,0.003786809369760281
300007014,0.0067979214529919185
300012435,0.005533148428614854
300021044,0.005077577861332006
300385517,0.00601106043020312
300461530,0.005622305541940055
300465643,0.0064651650223573
300648022,0.004418958810604213
300933249,0.0037888993844012796
301282103,0.009856088073022452
301529877,0.004932272875951217
301721565,0.005232225451593454
301726492,0.0062908845028437415
301869137,0.004904662994042642
302374422,0.003874548768428699
303643912,0.004498878392471429
304411861,0.005323829682467963
304538673,0.003738415775908411
307121607,0.00610486242473829
307721313,0.0067411501784340865
308038887,0.0014386181251416338
309012614,0.004893769977727547
311704980,0.003453525249708523
311840368,0.0048617080864210354
312217057,0.004518213975618469
314912550,0.005297784402475859
316145848,0.0032952811213567976
319625617,0.004159181008683422
320140485,0.006642613906362871
320167393,0.0036142238567868253
320995385,0.005630457677009449
321096972,0.0040993150927284075
321405950,0.0036965980086029367
321579851,0.003136109919134956
325116715,0.003651908044751085
325954622,0.0035151089978831215
330314403,0.009524867581169504
332577132,0.0032801636064255352
338614678,0.00594387336038611
339799759,0.0030199225412366423
341698468,0.003530806463343229
343051634,0.0059935246154714465
344427455,0.003877175861428018
345056098,0.0027004524217523205
348152252,0.002832753751429241
349741737,0.0029632696778867603
349872060,0.004162184973549789
349883172,0.003232223787947564
349932090,0.004396780700583381
351641666,0.003436035690876938
353541134,0.0047277247037732515
354105472,0.002947723669306047
354139446,0.004505540364582462
354607164,0.003581645405186041
355743081,0.0038387467883444835
356003327,0.002961315921559194
357227113,0.004991906224470344
357740963,0.0038265613682347383
357984457,0.003829738321539967
360094552,0.003639904650274307
360268721,0.004204210188138436
363013461,0.0031531780849696
363319244,0.002865494181398876
366472553,0.0021897952048880462
367061959,0.0029015497054138313
367310802,0.0039282408204804
367946968,0.004135475030736902
368829926,0.004319860538701082
370352650,0.0036382158422134446
372499406,0.0032407532749607845
373206070,0.0016317883408396802
374833275,0.004518983956925272
378428747,0.004607159861345767
379644023,0.003030713891050741
380247256,0.001988590664652779
380608882,0.00296795415422142
380847759,0.0033373231819246348
381754880,0.003197555305471301
384347036,0.0027083518771837908
384969872,0.001985084939153726
387695947,0.004678639500955374
388622544,0.003966082218514689
392468646,0.0030479005593156533
394239302,0.0036450843285115615
394508134,0.003201269385838291
395026311,0.0038180577473872607
395029889,0.003280551751979633
395472453,0.002841762295540807
395873820,0.003053674394025197
396944066,0.002475449278902065
397067160,0.00352387229929494
397322647,0.0025566911607461723
397464131,0.004123351964947265
397633666,0.0029750397859720896
398120967,0.003030534478396053
398462787,0.0017206910985101194
399493455,0.0016679640950974636
399505497,0.0012680417551314668
399527237,0.003046628125478069
399644859,0.00335703270700154
399651919,0.002576778455998042
403996946,0.0026820772836095193
407030795,0.0015338750290743838
411000199,0.0015012863257857453
411786274,0.0024083072381222656
412443067,0.0013738784102065756
426907745,0.003654132139192857
434460832,0.0021934673121654985
435923452,0.002294948746268833
442334304,0.0018460293188332208
446783544,0.003559182164347053
453290398,0.0016020418018547707
455060666,0.0029914251450213988
456042335,0.0010414343928210066
456760820,7.439399471173011E-4
458845777,0.002870536899374688
463999696,0.0022899154667107135
464435768,0.003374003076326094
465472520,0.0011099124633097155
466121896,0.0033912873261874982
466311355,0.0023219833199368944
467753757,0.002365150202715572
478817325,0.0021673030287934444
488806995,0.0023678463301371588
497334912,0.0018709569197858718
506982155,0.002899983174686472
510896241,0.0019132568271948323
512620911,0.0025020367024103825
512638904,0.0025832516667128724
512896378,0.002984418528033107
519281688,0.00236294161606796
521112781,8.717491906486749E-4
523832656,0.0020453720277805905
524620711,0.0014858236047280435
532562821,0.002376468499026064
533836053,0.0017297188750694979
536893070,0.002286409311384464
540748208,0.0015313007692589371
543844138,8.972182269849647E-4
545106865,0.002307574967310334
554003471,0.0017159965653013706
554402185,0.0019257854272132454
555800132,0.0026179085198896565
563853564,0.001849480167150009
