907	22
727	69
597	0
641	47
571	10
903	80
583	11
794	6
979	43
991	29
725	71
523	64
622	75
708	34
508	62
772	15
916	20
806	51
823	17
699	97
588	73
810	29
936	39
608	69
696	17
835	27
711	83
551	73
621	94
942	33
676	75
723	71
833	16
675	77
895	27
698	0
638	41
994	23
623	9
851	13
514	99
574	36
703	21
698	38
819	49
628	87
684	50
772	8
929	1
554	92
732	2
664	57
623	24
866	14
995	58
946	16
715	18
993	80
926	83
774	99
538	22
710	11
883	95
702	19
571	37
783	38
931	19
968	41
600	79
939	2
512	14
514	1
666	17
539	75
884	2
716	46
841	91
995	67
794	49
633	83
645	87
635	76
884	82
760	97
812	82
