1239301,0.0022563426763759116
14936610,0.00484299917895672
18652836,0.008923860350635127
18848018,0.007090447155062552
20728561,0.007336801076392053
24182811,0.004694835738357628
35369214,0.010628224244258067
40302738,0.003693398793959691
44312605,9.164461384193921E-4
46948334,0.005481254730259511
50042330,0.008221488072533735
50570449,0.005292022204796499
77000938,0.004753854340444863
90084099,0.006973870107888192
100322679,0.008458216462961477
110260678,0.0014860651274125622
131482972,0.006541726230600521
145910123,0.0050712710092034605
165009253,0.0038713448736166674
167063179,0.004694835738357628
180463340,0.015420852384543226
180717062,0.006895337001672065
184426481,0.008220291741301967
186353014,0.003413590254624555
195066320,0.00668065919632912
232414166,0.00470569701780963
243298366,0.004999987666881257
249950079,0.006778912095544488
269930499,0.008378117445247458
270231980,0.007237942910908291
270673659,0.009304716939207116
271136534,0.0054728345051649144
271515500,0.006784550688528302
271658840,0.008818825538967335
271753649,0.006514919442927326
272177272,0.0043621766666752
273022647,0.006534333752481448
273069036,0.005315848890743414
273452154,0.00649504789464348
275268943,0.004283202393091901
284681556,0.007524297335769493
284745621,0.007379269462146599
286481552,0.006262208872906317
287906361,0.008516091096973955
288404606,0.005255083605445666
290176149,0.007958411503043439
290929161,0.007844916459109785
291245327,0.007636073505384534
292030309,0.008755302616120876
292608038,0.007193815069806564
292915903,0.007849676496900916
293802222,0.007414058835840965
294212020,0.0023440520188364963
294290268,0.006797963337178348
294361452,0.007288126387923089
294854135,0.00760456598756949
295062437,0.0075228204448854145
295355360,0.006039702666587377
295378422,0.0040409513354666485
296171243,0.0072996329176226345
297042642,0.006850427130959847
297229855,0.005683434439399693
297291313,0.004212171568835889
297294984,0.0042102630866088795
297358566,0.007957592456498365
298357905,0.003797241545610209
298376225,0.005213428195313586
299105597,0.006312327715043043
299243917,0.005430673720295576
299980984,0.003664683462986918
300007014,0.006555441029215703
300012435,0.005338841204795731
300021044,0.004901152053410019
300385517,0.0057956016698176745
300461530,0.005433429778461263
300465643,0.006231059422791564
300648022,0.0042684044454040625
300933249,0.003657762385475994
301282103,0.009475490476982065
301529877,0.0047541722231676745
301721565,0.005041623117106187
301726492,0.006063948188987102
301869137,0.004740431580032723
302374422,0.0037407680802266758
303643912,0.004338323457452621
304411861,0.005130104615520882
304538673,0.0036100734507931837
307121607,0.0058785138949338355
307721313,0.006517002670009365
308038887,0.0014076884512383321
309012614,0.004718684881229397
311704980,0.0033376989815429034
311840368,0.004685593020369683
312217057,0.004358681730921066
314912550,0.00510668469143869
316145848,0.0031855171622487753
319625617,0.004013312887057086
320140485,0.006403215485827363
320167393,0.0034926550617206294
320995385,0.0054235658813218245
321096972,0.003957167488827086
321405950,0.0035697787908452803
321579851,0.0030335481027782725
325116715,0.0035289109973041695
325954622,0.0033961999371718184
330314403,0.009685640648851891
332577132,0.0031721778084125027
338614678,0.005729018210352056
339799759,0.002922713757218421
341698468,0.0034115593365845916
343051634,0.00578021589246649
344427455,0.0037447871825156973
345056098,0.002617012205721526
348152252,0.0028499389408102936
349741737,0.002868169653922937
349872060,0.0040169362097208575
349883172,0.0031262845912556577
349932090,0.00424473128507319
351641666,0.003321680844894704
353541134,0.004784930438538627
354105472,0.002854427306940611
354139446,0.004348209796828574
354607164,0.003460759933316272
355743081,0.0037088827520370023
356003327,0.00286602105136129
357227113,0.004812938301004156
357740963,0.0037036439532335272
357984457,0.0037005651690583683
360094552,0.0035176223436087957
360268721,0.004068585411389481
363013461,0.0030524830900708687
363319244,0.0027753115606833807
366472553,0.0021349075080911778
367061959,0.0028086949054545902
367310802,0.003799939397752073
367946968,0.003993933404328832
368829926,0.004172990288882406
370352650,0.0035162962973322785
372499406,0.003133658932367812
373206070,0.0015931018244578219
374833275,0.004367113069677121
378428747,0.004442665747158148
379644023,0.0029343737429576642
380247256,0.0019349209489269335
380608882,0.0028774699996779738
380847759,0.003226046320762666
381754880,0.003096685935245237
384347036,0.002626740882008139
384969872,0.001932531824807061
387695947,0.004525304647015706
388622544,0.003829115196570033
392468646,0.002949464014111559
394239302,0.003521796751895213
394508134,0.0030966368406302853
395026311,0.0036870586688769755
395029889,0.003174125277357721
395472453,0.0027521614946386173
395873820,0.002956515292928575
396944066,0.0024022144337527925
397067160,0.0034053413319020684
397322647,0.002478595596969658
397464131,0.003981735144291211
397633666,0.0028810726798133464
398120967,0.0029330116174810746
398462787,0.0016771759698918096
399493455,0.001627071110281154
399505497,0.0012447894319598482
399527237,0.0029499341043652157
399644859,0.00324784855385818
399651919,0.00249897659716456
403996946,0.002599929749678754
407030795,0.0014986560631973908
411000199,0.0014681043496443955
411786274,0.0023369311134252124
412443067,0.0013457556516846443
426907745,0.0035299983163190837
434460832,0.0021305529334063383
435923452,0.0022274601975118776
442334304,0.0017981780138348177
446783544,0.0034421632323961013
453290398,0.0015641261743644783
455060666,0.0028952247889469937
456042335,0.0010273617715688807
456760820,7.422511591562717E-4
458845777,0.002779653477884981
463999696,0.0022241757819961416
464435768,0.0032618648151788283
465472520,0.0010927946740799009
466121896,0.003278839488959907
466311355,0.002253678373947455
467753757,0.00229606320856195
478817325,0.0021059865001666683
488806995,0.0022965857678832755
497334912,0.0018222099716445291
506982155,0.002807218987093197
510896241,0.001862706007179927
512620911,0.0024262334944274108
512638904,0.0025043024908632423
512896378,0.0028954976751015557
519281688,0.002292785004667653
521112781,8.647803265580797E-4
523832656,0.0019884347889024276
524620711,0.0014524564658336522
532562821,0.00231339271397022
533836053,0.0016857367639409268
536893070,0.0022194653274005167
540748208,0.0014967232609456324
543844138,8.891899362629694E-4
545106865,0.002296474652141601
554003471,0.0016732330946729553
554402185,0.0018734628077004664
555800132,0.0025361168156200938
563853564,0.0018001166550880362
