1239301,0.0016242645079933347
14936610,0.0040265473576460275
18652836,0.008201526791638148
18848018,0.00832210229548085
20728561,0.004955224511034007
24182811,0.004694835738357628
35369214,0.007546753620520153
40302738,0.0027825066089667734
44312605,9.968701124512655E-4
46948334,0.006167421893790138
50042330,0.008064004178615991
50570449,0.005996512505882979
77000938,0.005541430090872868
90084099,0.005046621260610241
100322679,0.008182707449507266
110260678,0.0012436497335534431
131482972,0.0045479347953210295
145910123,0.005685138690316794
165009253,0.0028171911017330193
167063179,0.004694835738357628
180463340,0.015874686066511035
180717062,0.008115668033062807
184426481,0.007121454632326763
186353014,0.0033492786143347396
195066320,0.005765552396426333
232414166,0.0033497006010498216
243298366,0.0044135818007112314
249950079,0.007112042737137504
269930499,0.009201183326079023
270231980,0.007807886938937859
270673659,0.010440775926074397
271136534,0.005511532105831552
271515500,0.0064877373333934295
271658840,0.009849433662313944
271753649,0.00670925295037026
272177272,0.004189319587951591
273022647,0.006641457628686598
273069036,0.005143541275740549
273452154,0.006540911079557677
275268943,0.004134114620703745
284681556,0.008526701260709646
284745621,0.008525063974705094
286481552,0.006855576139171294
287906361,0.009879300948725845
288404606,0.005739632720290078
290176149,0.009189288305262867
290929161,0.009208561970101559
291245327,0.008421662919975037
292030309,0.010172727887877531
292608038,0.00826939780156184
292915903,0.01029582307739705
293802222,0.008532326743190911
294212020,0.0024435697178182957
294290268,0.007810897312558641
294361452,0.008539673886136856
294854135,0.009376079712203621
295062437,0.009276575085843921
295355360,0.0066945472462271345
295378422,0.004203579453062534
296171243,0.008218165501350572
297042642,0.007574987348673435
297229855,0.006164620066758776
297291313,0.004415649759650964
297294984,0.004337027284166229
297358566,0.009172670030895946
298357905,0.0037333940313351694
298376225,0.005654368833277235
299105597,0.007068661768719299
299243917,0.005715492309193482
299980984,0.003933895246721054
300007014,0.007257945575040626
300012435,0.005904492118791072
300021044,0.005251209463151585
300385517,0.006258221325808822
300461530,0.005701809736021946
300465643,0.00732734978321108
300648022,0.004322703897398729
300933249,0.0037382116938011085
301282103,0.011891026565829212
301529877,0.005202760988252098
301721565,0.005553737033026241
301726492,0.007801508244595002
301869137,0.005154314314606868
302374422,0.003907581780843007
303643912,0.004600598429372016
304411861,0.005783680278020743
304538673,0.0037631637717118202
307121607,0.006566634773046221
307721313,0.00883621194700257
308038887,0.0014749556977426757
309012614,0.005296940759146796
311704980,0.0036332143536333523
311840368,0.004910481058434502
312217057,0.004810793373619649
314912550,0.005958103764553502
316145848,0.003255116667353409
319625617,0.004141987358818856
320140485,0.007456048602055066
320167393,0.003861974431240501
320995385,0.005988277941398824
321096972,0.00430377972690852
321405950,0.0037284712235510008
321579851,0.0031665698715392272
325116715,0.003860191068927211
325954622,0.0034658796885401306
330314403,0.006651258491203894
332577132,0.003394148136178533
338614678,0.007055081434120925
339799759,0.00314857980522223
341698468,0.003647500580448227
343051634,0.006640475155038562
344427455,0.004299348683182448
345056098,0.0028856710299101315
348152252,0.0023079416779387745
349741737,0.0030511286102614895
349872060,0.004415771830574644
349883172,0.0034012233469389096
349932090,0.00502520302399947
351641666,0.003622293426381052
353541134,0.0034422800108791624
354105472,0.003156569821223943
354139446,0.005009307768452832
354607164,0.003740266173483665
355743081,0.004255717204362131
356003327,0.003101832009654149
357227113,0.005342972335822683
357740963,0.0043821476550170105
357984457,0.004323743321604102
360094552,0.003920028611648863
360268721,0.004232381953918353
363013461,0.0036246632600728254
363319244,0.0030208083509228665
366472553,0.0019423710950127635
367061959,0.0029671854708999807
367310802,0.005071350040200318
367946968,0.00478960690199759
368829926,0.005287408656133753
370352650,0.0038661305417213364
372499406,0.0032908249110937824
373206070,0.0017438405476446269
374833275,0.005918862652035873
378428747,0.0047582075877676605
379644023,0.003361089155553177
380247256,0.002044525420499244
380608882,0.0037195230067687
380847759,0.003421358872512915
381754880,0.003897682928547997
384347036,0.0032406972033846024
384969872,0.002213951445376129
387695947,0.005031453323701985
388622544,0.004157042229528575
392468646,0.0031284301324581384
394239302,0.0037480496590638133
394508134,0.0033748816562570345
395026311,0.003957431459932681
395029889,0.003662571129027615
395472453,0.0029498429160617298
395873820,0.0033932078103339654
396944066,0.0027410068612175884
397067160,0.003633598690269114
397322647,0.002632058166020702
397464131,0.004576301151448693
397633666,0.0032685282746774966
398120967,0.0031889005477956154
398462787,0.001624051479141176
399493455,0.0016793152198465895
399505497,0.0013158208151458303
399527237,0.0034169051113372324
399644859,0.003798750018743281
399651919,0.0028157930532165983
403996946,0.00288132925108815
407030795,0.0015285768507260719
411000199,0.001566912662131049
411786274,0.002451707016118721
412443067,0.0013313193340059434
426907745,0.0037834308383230884
434460832,0.0022415790568834698
435923452,0.0022415218311130367
442334304,0.0019039719397574437
446783544,0.004024043465799454
453290398,0.0016094848565649364
455060666,0.0030441680474018857
456042335,0.0010541915194358217
456760820,7.266445109258121E-4
458845777,0.0029465325617116242
463999696,0.002496739595537779
464435768,0.003535594569004875
465472520,0.0010900793984751863
466121896,0.0035571254760020884
466311355,0.0023218855752225273
467753757,0.002549861660393194
478817325,0.002269569080747292
488806995,0.0022586720460117567
497334912,0.0019199169161061354
506982155,0.002892616520987335
510896241,0.001995557255143044
512620911,0.002488713320983638
512638904,0.0026789411870800314
512896378,0.0032108210854153506
519281688,0.002344025647855719
521112781,8.643169403717685E-4
523832656,0.0020209707200797627
524620711,0.0014002866630312702
532562821,0.003427841316008685
533836053,0.0016719286549437447
536893070,0.0022524807996183293
540748208,0.0015211432738601936
543844138,8.663161949903362E-4
545106865,0.0017200178607913905
554003471,0.0016588167392206153
554402185,0.001822532132539468
555800132,0.002487241003584618
563853564,0.0016869646302643878
