1239301,0.0022938919967805623
14936610,0.004675787343169336
18652836,0.008082609481491577
18848018,0.0076669583404259676
20728561,0.006190225543080064
24182811,0.004694835738357628
35369214,0.00835470187045988
40302738,0.0032846152416573524
44312605,8.895238841637685E-4
46948334,0.005966001120325504
50042330,0.008236763259831182
50570449,0.005711945678988318
77000938,0.0048936836860525865
90084099,0.006153410023509909
100322679,0.007857245645593626
110260678,0.0016130268042821036
131482972,0.005437125160572155
145910123,0.005574525228778416
165009253,0.0038913557779074247
167063179,0.004694835738357628
180463340,0.014694686992627371
180717062,0.00605495990937246
184426481,0.007255687130757483
186353014,0.0036811673274519626
195066320,0.006233679595263797
232414166,0.004482156324113508
243298366,0.005104161349138426
249950079,0.007212572850014599
269930499,0.008997298225742755
270231980,0.007749456954272805
270673659,0.009906249242315004
271136534,0.005811858396893999
271515500,0.00733394157675551
271658840,0.009425534918930258
271753649,0.0069650689824561915
272177272,0.004714597146514766
273022647,0.007016781844934062
273069036,0.005698550033250772
273452154,0.0069533134019116325
275268943,0.004619089339460093
284681556,0.008067283711418472
284745621,0.007984902383188941
286481552,0.006800667962190832
287906361,0.009206877454901164
288404606,0.005760814357902323
290176149,0.008530129923449325
290929161,0.008478811755205729
291245327,0.008254891550379884
292030309,0.00938632624290452
292608038,0.007807155494422236
292915903,0.008445717395782171
293802222,0.008031022219777273
294212020,0.0025828298608962857
294290268,0.0072347186062620816
294361452,0.00790193209738621
294854135,0.008165579496719633
295062437,0.00819923463220451
295355360,0.006588286284452383
295378422,0.004343854316878183
296171243,0.007928972875718077
297042642,0.007409266099487045
297229855,0.006169790721717195
297291313,0.004579989765327386
297294984,0.004564154634565543
297358566,0.008572593343772073
298357905,0.004094257844119543
298376225,0.0056195764051813375
299105597,0.00684063095247669
299243917,0.005878640741113972
299980984,0.003968546785038175
300007014,0.007060452209200352
300012435,0.005780944643604503
300021044,0.005320888425987992
300385517,0.006285585973521425
300461530,0.005844457352643563
300465643,0.006790871750465644
300648022,0.004649278748113406
300933249,0.003977558656445158
301282103,0.010134712926239933
301529877,0.005172976436617805
301721565,0.005495136428610326
301726492,0.006588439214804143
301869137,0.005125865234524586
302374422,0.004082833986578894
303643912,0.004749479619542885
304411861,0.005637578262369548
304538673,0.003967141087762261
307121607,0.006436101781830562
307721313,0.007032996719519847
308038887,0.0014935374807214749
309012614,0.005153186543132083
311704980,0.0036672815650695477
311840368,0.005151738379547655
312217057,0.00478604358738497
314912550,0.005605035915480162
316145848,0.0035269622597502667
319625617,0.004445809432920701
320140485,0.007003734704787835
320167393,0.0038396464777384017
320995385,0.00591782201333675
321096972,0.004336908165598775
321405950,0.0039275243828092565
321579851,0.003337429993982855
325116715,0.0038858851484042454
325954622,0.003729071495010917
330314403,0.007695017741182287
332577132,0.0034793557026864936
338614678,0.0062874146238505405
339799759,0.0032150039356315893
341698468,0.003757084200763106
343051634,0.006267523382368868
344427455,0.004093053666995306
345056098,0.00287890167212257
348152252,0.002517449432864428
349741737,0.0031396073364453833
349872060,0.004392953826911739
349883172,0.003441600220614905
349932090,0.004662445888127454
351641666,0.0036457037226432796
353541134,0.00413771943760597
354105472,0.0031427368448681
354139446,0.004803175774279711
354607164,0.0038284979577588594
355743081,0.0040638104757568135
356003327,0.003133514067460542
357227113,0.005332053499726075
357740963,0.004039962328599845
357984457,0.004083747717252241
360094552,0.0038720588768888183
360268721,0.004469448156826306
363013461,0.0033635802291178472
363319244,0.0030380568857004027
366472553,0.0022885063362287246
367061959,0.0030937790193297904
367310802,0.004171445632184746
367946968,0.004399597310268778
368829926,0.0045622573000150945
370352650,0.0038657040626935988
372499406,0.0034566138379637187
373206070,0.0017377284342933628
374833275,0.004783740002742466
378428747,0.004897596241446567
379644023,0.0032360909146268886
380247256,0.00213906887699753
380608882,0.0031617173992549716
380847759,0.0035723408686158427
381754880,0.0034119653253788193
384347036,0.0028861395492845395
384969872,0.002116699558039304
387695947,0.004897926080477678
388622544,0.004238628161758729
392468646,0.0032584719881220145
394239302,0.003891012024380448
394508134,0.0034166250209387134
395026311,0.004066751401362612
395029889,0.003501489484845056
395472453,0.0030242034701337024
395873820,0.0032431367007780274
396944066,0.0026451027241114707
397067160,0.0037537800758150617
397322647,0.00272660257571491
397464131,0.004417763397007125
397633666,0.003170181589641775
398120967,0.003226806792529292
398462787,0.0018152520851549845
399493455,0.001764415266936826
399505497,0.0013297998399798734
399527237,0.0032326596706048214
399644859,0.0035680281827558565
399651919,0.0027446932362841245
403996946,0.00287075374796817
407030795,0.0016130865827313164
411000199,0.0015823210819440056
411786274,0.0025657555684779573
412443067,0.00144745380914404
426907745,0.003878354164655807
434460832,0.002334143602113304
435923452,0.002450963846442878
442334304,0.0019719702411498796
446783544,0.003752028431038102
453290398,0.0016972627696054906
455060666,0.003196872872079016
456042335,0.0010715734521659535
456760820,7.481067847243458E-4
458845777,0.0030722767638713187
463999696,0.002437583711591774
464435768,0.0035579392695331397
465472520,0.0011521186320556218
466121896,0.0035734345956121025
466311355,0.0024919537905339303
467753757,0.002503559728595551
478817325,0.0022965202115051717
488806995,0.0025245069001107686
497334912,0.001981652294327919
506982155,0.0030942993638041435
510896241,0.002034469356588065
512620911,0.002672992169957556
512638904,0.0027425148480893177
512896378,0.003104950838881027
519281688,0.0025229447635161115
521112781,8.987272126637755E-4
523832656,0.0021702561294864925
524620711,0.0015660624763063743
532562821,0.002493751199538142
533836053,0.0018340927145550586
536893070,0.002433617655854082
540748208,0.0016126003090198857
543844138,9.238963146549715E-4
545106865,0.002355891699401159
554003471,0.001819257391227925
554402185,0.0020361361182245083
555800132,0.002760541046175181
563853564,0.0019526024743049995
