1239301,0.0022574645995723907
14936610,0.0048459258058506155
18652836,0.008929650023239932
18848018,0.007094498553917706
20728561,0.007341799587104592
24182811,0.004694835738357628
35369214,0.010635710033532208
40302738,0.0036955995888297683
44312605,9.165829595281458E-4
46948334,0.005484307424851554
50042330,0.008226592647745324
50570449,0.005294958876195356
77000938,0.004756463976739301
90084099,0.006978502494732797
100322679,0.008463598729733835
110260678,0.0014866015826760623
131482972,0.006546109025450764
145910123,0.005074054253939298
165009253,0.0038736175756389777
167063179,0.004694835738357628
180463340,0.0154308646246341
180717062,0.0068994793290790175
184426481,0.008225664274343703
186353014,0.0034153784455361667
195066320,0.006684891409415772
232414166,0.004708617281560268
243298366,0.005002952945753836
249950079,0.006782888970403778
269930499,0.008383081092026746
270231980,0.007242186410051122
270673659,0.009310269289992481
271136534,0.005475985306268317
271515500,0.006788593102758146
271658840,0.008824062404321497
271753649,0.006518733898767582
272177272,0.004364603014139479
273022647,0.006538167371193172
273069036,0.005318913322091735
273452154,0.00649887280239685
275268943,0.004285574715297603
284681556,0.00752867652269973
284745621,0.007383521958283868
286481552,0.006265790359314028
287906361,0.008521077159705358
288404606,0.005258005843618353
290176149,0.007963050897772096
290929161,0.007849451441391042
291245327,0.007640543229692898
292030309,0.008760445409618602
292608038,0.0071979502509498475
292915903,0.00785409069774008
293802222,0.007418336277417016
294212020,0.0023451045280330936
294290268,0.006801873522338187
294361452,0.007292304511586313
294854135,0.007608905735535277
295062437,0.007527085288504654
295355360,0.0060431249700491525
295378422,0.0040431264628501004
296171243,0.007303856330847825
297042642,0.006854384057508046
297229855,0.005686645287980841
297291313,0.004214447388651511
297294984,0.004212548950156393
297358566,0.007962225439380322
298357905,0.0037992833237445074
298376225,0.005216342237392869
299105597,0.006315922006590458
299243917,0.005433746132050632
299980984,0.003666594134549573
300007014,0.006559208599876487
300012435,0.005341819481302568
300021044,0.004903866126890111
300385517,0.005798892302366344
300461530,0.00543651309051032
300465643,0.006234550575911758
300648022,0.004270734725716952
300933249,0.0036596873016356175
301282103,0.009480996567228919
301529877,0.004756772802168175
301721565,0.0050444034334509846
301726492,0.006067257450988595
301869137,0.00474303456792089
302374422,0.0037427347808466358
303643912,0.00434067028843177
304411861,0.0051329201421345125
304538673,0.0036119521218757064
307121607,0.00588182063672551
307721313,0.006520548693354189
308038887,0.0014081391722106994
309012614,0.004721243196465852
311704980,0.0033393809881295373
311840368,0.004688168336972499
312217057,0.004361015424340199
314912550,0.005109461156346274
316145848,0.003187123939799253
319625617,0.004015454269913366
320140485,0.006406825067163059
320167393,0.0034944291750184995
320995385,0.005426592241267404
321096972,0.003959250826458206
321405950,0.0035716295950556152
321579851,0.003035049757429565
325116715,0.0035307126620614643
325954622,0.0033979483605640188
330314403,0.009692430128891406
332577132,0.003173760514866931
338614678,0.005732147070168626
339799759,0.0029241319650941794
341698468,0.0034132959459134645
343051634,0.0057834479819326
344427455,0.0037467079109524412
345056098,0.0026182231572625236
348152252,0.0028515097899094463
349741737,0.0028695584480124443
349872060,0.0040190543339781795
349883172,0.003127829360821611
349932090,0.0042469496100898466
351641666,0.003323351695301003
353541134,0.0047879715494423495
354105472,0.0028557903917976863
354139446,0.00435050639368686
354607164,0.0034625211448406253
355743081,0.0037107793003747567
356003327,0.002867402703825551
357227113,0.004815554695480873
357740963,0.0037055233672367966
357984457,0.003702442394499062
360094552,0.0035194077058554605
360268721,0.004070766364632196
363013461,0.003053942227390994
363319244,0.002776632435891347
366472553,0.002135869619062337
367061959,0.002810045311182453
367310802,0.0038018063212553305
367946968,0.0039959831273086235
368829926,0.0041751243012845725
370352650,0.0035180884378610564
372499406,0.0031352220430312947
373206070,0.0015936580533184815
374833275,0.004369319758436664
378428747,0.004445069648520561
379644023,0.002935772829707762
380247256,0.0019357028888612468
380608882,0.0028787832067996852
380847759,0.0032276629982539227
381754880,0.003098146396835123
384347036,0.0026279170484690756
384969872,0.0019332946157851758
387695947,0.004527758167907937
388622544,0.0038311117044691266
392468646,0.002950902752420493
394239302,0.0035236059115709715
394508134,0.0030981607550734543
395026311,0.0036889711424669576
395029889,0.0031756745941243342
395472453,0.002753470563513961
395873820,0.002957930304930901
396944066,0.002403276198149374
397067160,0.003407075413290418
397322647,0.0024797302047068434
397464131,0.003983797874955176
397633666,0.002882443028440807
398120967,0.0029344323331975237
398462787,0.0016778148500384625
399493455,0.0016276635033796402
399505497,0.001245131289144897
399527237,0.0029513414258622423
399644859,0.003249440812371663
399651919,0.0025001049561729225
403996946,0.0026011275366022665
407030795,0.0014991683136236452
411000199,0.0014685878735440703
411786274,0.002337978753050752
412443067,0.0013461727881554316
426907745,0.0035318133490114044
434460832,0.002131465977593084
435923452,0.002228447929585432
442334304,0.0017988736775555799
446783544,0.003443887672049218
453290398,0.0015646783268244099
455060666,0.002896632643862663
456042335,0.001027568735682994
456760820,7.422777620581975E-4
458845777,0.0027809839569477254
463999696,0.0022251315468315943
464435768,0.0032635044103449537
465472520,0.001093046933167475
466121896,0.003280490588961161
466311355,0.002254674870321228
467753757,0.0022970703215128515
478817325,0.00210687949940851
488806995,0.002297626200945647
497334912,0.0018229254715811613
506982155,0.002808578276947205
510896241,0.0018634422609671083
512620911,0.002427345792896208
512638904,0.0025054543844567297
512896378,0.0028969006465308987
519281688,0.002293811306774419
521112781,8.648833304710343E-4
523832656,0.001989265516542705
524620711,0.0014529483875981306
532562821,0.002314313048984818
533836053,0.0016863751044843731
536893070,0.002220446795283838
540748208,0.0014972349485765655
543844138,8.89311948433292E-4
545106865,0.0022976181370472975
554003471,0.00167386381892587
554402185,0.0018742298157781397
555800132,0.0025373190964024022
563853564,0.001800843764997385
