1239301,0.0022807396602934522
14936610,0.004825983330667928
18652836,0.008721330719638477
18848018,0.007499461894096871
20728561,0.006892621870631533
24182811,0.004694835738357628
35369214,0.009893213126927126
40302738,0.0035607012563764646
44312605,9.166544963796106E-4
46948334,0.005792469826722059
50042330,0.008338550798928313
50570449,0.005586026797684585
77000938,0.004939743941324682
90084099,0.006700563064371213
100322679,0.008350572742458585
110260678,0.001542653173439735
131482972,0.006160007073160645
145910123,0.005356176854568307
165009253,0.0038799766162106015
167063179,0.004694835738357628
180463340,0.015499520264004363
180717062,0.006781259340116353
184426481,0.007957916753387084
186353014,0.003587850934056892
195066320,0.006579578780949792
232414166,0.004600702059472073
243298366,0.005069914211728733
249950079,0.007177426856580982
269930499,0.0088887150282267
270231980,0.007671165760368726
270673659,0.009831678971224878
271136534,0.005784991362290871
271515500,0.0071921326782308235
271658840,0.009354541849118082
271753649,0.0068994700522330595
272177272,0.0046036964150721685
273022647,0.006920431710316311
273069036,0.005620278440549132
273452154,0.006821203356159945
275268943,0.0045180702223865735
284681556,0.007948990445422655
284745621,0.007821075677768508
286481552,0.0066285160234861315
287906361,0.008997730739358788
288404606,0.005554507362214767
290176149,0.00839368307126509
290929161,0.008302281440521742
291245327,0.008068446914260253
292030309,0.0092857882122394
292608038,0.007623506517777546
292915903,0.008305185776700941
293802222,0.007857319982506428
294212020,0.002460004129736749
294290268,0.00714139696449141
294361452,0.007709326169808751
294854135,0.00802366074023897
295062437,0.007968541903867421
295355360,0.006391818065751554
295378422,0.004274897267371248
296171243,0.007737456604920713
297042642,0.007257454673729203
297229855,0.0060280712179724425
297291313,0.004455629709557375
297294984,0.004454196671870282
297358566,0.008407803072461806
298357905,0.003997070277021099
298376225,0.005506694144080516
299105597,0.006698693702603609
299243917,0.005741639888058248
299980984,0.00385312128512172
300007014,0.006927565881617316
300012435,0.0056401862875850705
300021044,0.005174623094555986
300385517,0.0061292146563778575
300461530,0.005718204016304785
300465643,0.0065988217487052084
300648022,0.0045018975195694425
300933249,0.0038653551504671986
301282103,0.010073457811106468
301529877,0.005036395388672222
301721565,0.005343880616349029
301726492,0.006422641346600844
301869137,0.004991883509339946
302374422,0.003952587860951585
303643912,0.004592179063931813
304411861,0.005438287861691183
304538673,0.003813670583915641
307121607,0.0062368488580637265
307721313,0.006859956282389735
308038887,0.0014573666385536263
309012614,0.004996673735533964
311704980,0.003523200272977679
311840368,0.004965268807266088
312217057,0.00461240063379822
314912550,0.005410722542658309
316145848,0.0033605527853274317
319625617,0.004244897298870032
320140485,0.006777368422192499
320167393,0.003686992203367968
320995385,0.005750553332129616
321096972,0.004183203890645505
321405950,0.0037716582919734127
321579851,0.003197123225547816
325116715,0.003725017812505516
325954622,0.0035850674257040145
330314403,0.009009511719907583
332577132,0.003344263829715178
338614678,0.006070646917507961
339799759,0.003077943515947968
341698468,0.003602316267390538
343051634,0.006112128728475486
344427455,0.003955945043273946
345056098,0.002751350516630314
348152252,0.0027318170289823093
349741737,0.003020346121250018
349872060,0.004247802401935164
349883172,0.003295753564837046
349932090,0.004487147668462544
351641666,0.0035042615672159945
353541134,0.004522253404250055
354105472,0.0030037919467963865
354139446,0.004598957582604758
354607164,0.0036540044580965834
355743081,0.0039157857054511035
356003327,0.0030183184392831527
357227113,0.005097383110317001
357740963,0.003895175720228995
357984457,0.003907456540330291
360094552,0.003713023680959427
360268721,0.004275685547256703
363013461,0.003214843666521606
363319244,0.0029186624395356694
366472553,0.0022133956494349467
367061959,0.002957305498532637
367310802,0.004005931226513472
367946968,0.004220496825312271
368829926,0.004407463762547682
370352650,0.0037102889471703157
372499406,0.0033045245382004713
373206070,0.001656054491852533
374833275,0.00461068943916192
378428747,0.004703520518999116
379644023,0.003089225711412414
380247256,0.002021544673900767
380608882,0.003023273951041606
380847759,0.003404130903729797
381754880,0.003259549056222145
384347036,0.002758684389048117
384969872,0.002017345732222143
387695947,0.004756787717017264
388622544,0.004047321883192612
392468646,0.003106810435222119
394239302,0.003717226811134001
394508134,0.0032636043320258385
395026311,0.0038952376756447257
395029889,0.0033444091283149967
395472453,0.0028953942436806164
395873820,0.003112075351439248
396944066,0.0025201256119749224
397067160,0.003593502322130494
397322647,0.0026039548826907186
397464131,0.004207590019107133
397633666,0.003031447277519451
398120967,0.003088727980796225
398462787,0.0017461309591658711
399493455,0.001692872467467655
399505497,0.0012820339268023737
399527237,0.003104837282555795
399644859,0.003422133464412159
399651919,0.0026241982392298585
403996946,0.002730820697272552
407030795,0.0015552977340326244
411000199,0.0015215490647483738
411786274,0.00245069780196221
412443067,0.0013905356032615011
426907745,0.00372611246486716
434460832,0.002231454985960713
435923452,0.0023347852660868147
442334304,0.001874654583227798
446783544,0.0036254508689330897
453290398,0.001624543479758845
455060666,0.003048024888378254
456042335,0.001049854951108987
456760820,7.448678790956684E-4
458845777,0.0029235634034398893
463999696,0.0023288294923282
464435768,0.003438959467459913
465472520,0.0011201472812195198
466121896,0.003455724145917461
466311355,0.0023626329444801147
467753757,0.0024055330104806993
478817325,0.002203216729160463
488806995,0.002409705972352217
497334912,0.0018989181104393856
506982155,0.002953928624558589
510896241,0.0019429889515072637
512620911,0.002546205242581468
512638904,0.0026296586510602855
512896378,0.0030301046164118227
519281688,0.0024044295497538176
521112781,8.758223073732871E-4
523832656,0.0020793393329973106
524620711,0.0015056970516730281
532562821,0.002413638207801828
533836053,0.0017560828549199278
536893070,0.002325674457117689
540748208,0.0015514504683074256
543844138,9.013820743553289E-4
545106865,0.0022809618129236106
554003471,0.0017412123383315113
554402185,0.001956424330749119
555800132,0.0026653514720442538
563853564,0.0018783329639723298
